Sample	Unassigned_Duplicate	Unassigned_Read_Type	Unassigned_MultiMapping	Unassigned_Secondary	Unassigned_FragmentLength	Assigned	Unassigned_NonSplit	Unassigned_MappingQuality	Unassigned_Singleton	Unassigned_Chimera	Unassigned_Unmapped	Unassigned_NoFeatures	Unassigned_Overlapping_Length	percent_assigned	Total	Unassigned_Ambiguity
A10_CKDL240007483-1A_225CVMLT4_L2_UniquelyMapped	0	0	0	0	0	13078915	0	0	0	0	0	3635334	0	77.86447765985213	16797024	82775
A11_CKDL240007483-1A_225CVMLT4_L2_UniquelyMapped	0	0	0	0	0	11801904	0	0	0	0	0	4268799	0	73.06154572175112	16153373	82670
A12_CKDL240007483-1A_225CVMLT4_L2_UniquelyMapped	0	0	0	0	0	14076674	0	0	0	0	0	3968623	0	77.62253279306755	18134778	89481
A13_CKDL240007483-1A_225CVMLT4_L2_UniquelyMapped	0	0	0	0	0	14342167	0	0	0	0	0	4123712	0	77.33848593692959	18544670	78791
A14_CKDL240007483-1A_225CVMLT4_L2_UniquelyMapped	0	0	0	0	0	14334750	0	0	0	0	0	4538381	0	75.60637794565423	18959710	86579
A15_CKDL240007483-1A_225CVMLT4_L2_UniquelyMapped	0	0	0	0	0	12567163	0	0	0	0	0	2287169	0	84.29424191335453	14908685	54353
A16_CKDL240007483-1A_225CVMLT4_L2_UniquelyMapped	0	0	0	0	0	12851579	0	0	0	0	0	3388949	0	78.60007410128341	16350594	110066
A17_CKDL240007483-1A_225CVMLT4_L2_UniquelyMapped	0	0	0	0	0	14920610	0	0	0	0	0	4157198	0	77.77852552853221	19183457	105649
A18_CKDL240007483-1A_225CVMLT4_L2_UniquelyMapped	0	0	0	0	0	13183278	0	0	0	0	0	5216992	0	71.08121122676638	18546783	146513
A19_CKDL240007483-1A_225CVMLT4_L2_UniquelyMapped	0	0	0	0	0	8461092	0	0	0	0	0	2904883	0	73.9915816142932	11435209	69234
A1_CKDL240007483-1A_225CVMLT4_L2_UniquelyMapped	0	0	0	0	0	20535143	0	0	0	0	0	3791648	0	84.1096667732144	24414724	87933
A20_CKDL240007483-1A_225CVMLT4_L2_UniquelyMapped	0	0	0	0	0	14872616	0	0	0	0	0	4415463	0	76.62041709413545	19410774	122695
A21_CKDL240007483-1A_225CVMLT4_L2_UniquelyMapped	0	0	0	0	0	14805303	0	0	0	0	0	2883711	0	83.21850202005197	17790879	101865
A23_CKDL240007483-1A_225CVMLT4_L2_UniquelyMapped	0	0	0	0	0	17129608	0	0	0	0	0	2866130	0	85.2838226428304	20085413	89675
A24_CKDL240007483-1A_225CVMLT4_L2_UniquelyMapped	0	0	0	0	0	12431366	0	0	0	0	0	2559195	0	82.48432472401309	15071186	80625
A2_CKDL240007483-1A_225CVMLT4_L2_UniquelyMapped	0	0	0	0	0	16548458	0	0	0	0	0	3199151	0	83.50631853549271	19817013	69404
A3_CKDL240007483-1A_225CVMLT4_L2_UniquelyMapped	0	0	0	0	0	19058160	0	0	0	0	0	3281727	0	85.02466287879278	22414861	74974
A4_CKDL240007483-1A_225CVMLT4_L2_UniquelyMapped	0	0	0	0	0	15291749	0	0	0	0	0	2914195	0	83.69359148439304	18271111	65167
A5_CKDL240007483-1A_225CVMLT4_L2_UniquelyMapped	0	0	0	0	0	15452611	0	0	0	0	0	2857139	0	84.08124979017248	18378189	68439
A6_CKDL240007483-1A_225CVMLT4_L2_UniquelyMapped	0	0	0	0	0	21388520	0	0	0	0	0	1958347	0	91.26749062576621	23434982	88115
A7_CKDL240007483-1A_225CVMLT4_L2_UniquelyMapped	0	0	0	0	0	14679418	0	0	0	0	0	1410683	0	90.89974500000619	16149020	58919
A8_CKDL240007483-1A_225CVMLT4_L2_UniquelyMapped	0	0	0	0	0	15205729	0	0	0	0	0	2272639	0	86.68709659010804	17540937	62569
A9_CKDL240007483-1A_225CVMLT4_L2_UniquelyMapped	0	0	0	0	0	14748149	0	0	0	0	0	5221781	0	73.49753797197384	20066181	96251
B10_CKDL240007483-1A_225CVMLT4_L2_UniquelyMapped	0	0	0	0	0	14383148	0	0	0	0	0	3559210	0	79.79141607863426	18025934	83576
B11_CKDL240007483-1A_225CVMLT4_L2_UniquelyMapped	0	0	0	0	0	12201200	0	0	0	0	0	3248169	0	78.60739942431542	15521694	72325
B12_CKDL240007483-1A_225CVMLT4_L2_UniquelyMapped	0	0	0	0	0	8424447	0	0	0	0	0	2903926	0	74.00226756074886	11384039	55666
B13_CKDL240007483-1A_225CVMLT4_L2_UniquelyMapped	0	0	0	0	0	17121391	0	0	0	0	0	3743024	0	81.6504595088113	20969130	104715
B14_CKDL240007483-1A_225CVMLT4_L2_UniquelyMapped	0	0	0	0	0	13864213	0	0	0	0	0	2560012	0	84.09579154463289	16486215	61990
B15_CKDL240007483-1A_225CVMLT4_L2_UniquelyMapped	0	0	0	0	0	14575187	0	0	0	0	0	4273903	0	76.92181070827586	18948055	98965
B16_CKDL240007483-1A_225CVMLT4_L2_UniquelyMapped	0	0	0	0	0	12947069	0	0	0	0	0	1764629	0	87.53495852574255	14790741	79043
B17_CKDL240007483-1A_225CVMLT4_L2_UniquelyMapped	0	0	0	0	0	12342773	0	0	0	0	0	3048068	0	79.72986433465067	15480740	89899
B18_CKDL240007483-1A_225CVMLT4_L2_UniquelyMapped	0	0	0	0	0	12799054	0	0	0	0	0	3232116	0	79.38649797608392	16122457	91287
B19_CKDL240007483-1A_225CVMLT4_L2_UniquelyMapped	0	0	0	0	0	11795538	0	0	0	0	0	3158313	0	78.3448556013087	15055919	102068
B1_CKDL240007483-1A_225CVMLT4_L2_UniquelyMapped	0	0	0	0	0	14781802	0	0	0	0	0	3109222	0	82.33095180077001	17954125	63101
B20_CKDL240007483-1A_225CVMLT4_L2_UniquelyMapped	0	0	0	0	0	11360681	0	0	0	0	0	2482673	0	81.5420997942262	13932289	88935
B21_CKDL240007483-1A_225CVMLT4_L2_UniquelyMapped	0	0	0	0	0	11873996	0	0	0	0	0	2164789	0	84.19860297211099	14102367	63582
B22_CKDL240007483-1A_225CVMLT4_L2_UniquelyMapped	0	0	0	0	0	13060881	0	0	0	0	0	2419961	0	83.89945694504141	15567301	86459
B23_CKDL240007483-1A_225CVMLT4_L2_UniquelyMapped	0	0	0	0	0	12764438	0	0	0	0	0	2049995	0	85.64825059855767	14903326	88893
B24_CKDL240007483-1A_225CVMLT4_L2_UniquelyMapped	0	0	0	0	0	15054148	0	0	0	0	0	2344372	0	86.16728710052219	17470839	72319
B2_CKDL240007483-1A_225CVMLT4_L2_UniquelyMapped	0	0	0	0	0	15101906	0	0	0	0	0	3326363	0	81.65753830782705	18494197	65928
B3_CKDL240007483-1A_225CVMLT4_L2_UniquelyMapped	0	0	0	0	0	16019217	0	0	0	0	0	2697658	0	85.28708786740393	18782699	65824
B4_CKDL240007483-1A_225CVMLT4_L2_UniquelyMapped	0	0	0	0	0	15326350	0	0	0	0	0	3091223	0	82.91155401245754	18485180	67607
B5_CKDL240007483-1A_225CVMLT4_L2_UniquelyMapped	0	0	0	0	0	16679384	0	0	0	0	0	1408633	0	91.89340236097634	18150796	62779
B6_CKDL240007483-1A_225CVMLT4_L2_UniquelyMapped	0	0	0	0	0	13511276	0	0	0	0	0	997684	0	92.83229879640653	14554499	45539
B7_CKDL240007483-1A_225CVMLT4_L2_UniquelyMapped	0	0	0	0	0	16229131	0	0	0	0	0	2604037	0	85.86159449127376	18901502	68334
B8_CKDL240007483-1A_225CVMLT4_L2_UniquelyMapped	0	0	0	0	0	13376012	0	0	0	0	0	792554	0	94.11173859249745	14212905	44339
B9_CKDL240007483-1A_225CVMLT4_L2_UniquelyMapped	0	0	0	0	0	14273325	0	0	0	0	0	4225823	0	76.79385400601059	18586546	87398
C10_CKDL240007483-1A_225CVMLT4_L2_UniquelyMapped	0	0	0	0	0	8679785	0	0	0	0	0	1718732	0	83.09689701990679	10445378	46861
C11_CKDL240007483-1A_225CVMLT4_L2_UniquelyMapped	0	0	0	0	0	11608776	0	0	0	0	0	3590131	0	75.99375751180287	15275960	77053
C12_CKDL240007483-1A_225CVMLT4_L2_UniquelyMapped	0	0	0	0	0	13681413	0	0	0	0	0	4425593	0	75.18831408498787	18196196	89190
C13_CKDL240007483-1A_225CVMLT4_L2_UniquelyMapped	0	0	0	0	0	12790556	0	0	0	0	0	4560579	0	73.3703484704869	17432868	81733
C14_CKDL240007483-1A_225CVMLT4_L2_UniquelyMapped	0	0	0	0	0	22113689	0	0	0	0	0	3272386	0	86.76881706000795	25485756	99681
C15_CKDL240007483-1A_225CVMLT4_L2_UniquelyMapped	0	0	0	0	0	13115181	0	0	0	0	0	2367859	0	84.2983654312954	15558049	75009
C16_CKDL240007483-1A_225CVMLT4_L2_UniquelyMapped	0	0	0	0	0	13893874	0	0	0	0	0	2215151	0	85.91901685095353	16170895	61870
C17_CKDL240007483-1A_225CVMLT4_L2_UniquelyMapped	0	0	0	0	0	10233248	0	0	0	0	0	3236015	0	75.44418132145248	13563999	94736
C18_CKDL240007483-1A_225CVMLT4_L2_UniquelyMapped	0	0	0	0	0	15004913	0	0	0	0	0	3596558	0	80.14440604825911	18722346	120875
C19_CKDL240007483-1A_225CVMLT4_L2_UniquelyMapped	0	0	0	0	0	10574133	0	0	0	0	0	4473931	0	69.77534324530185	15154541	106477
C1_CKDL240007483-1A_225CVMLT4_L2_UniquelyMapped	0	0	0	0	0	21476580	0	0	0	0	0	3915175	0	84.26903335560462	25485732	93977
C20_CKDL240007483-1A_225CVMLT4_L2_UniquelyMapped	0	0	0	0	0	5874088	0	0	0	0	0	3638246	0	61.29249259602164	9583699	71365
C21_CKDL240007483-1A_225CVMLT4_L2_UniquelyMapped	0	0	0	0	0	10760671	0	0	0	0	0	1945319	0	84.20390252926177	12779302	73312
C23_CKDL240007483-1A_225CVMLT4_L2_UniquelyMapped	0	0	0	0	0	13278766	0	0	0	0	0	2152735	0	85.67192873239635	15499553	68052
C24_CKDL240007483-1A_225CVMLT4_L2_UniquelyMapped	0	0	0	0	0	12544500	0	0	0	0	0	2163520	0	84.82463624704893	14788746	80726
C2_CKDL240007483-1A_225CVMLT4_L2_UniquelyMapped	0	0	0	0	0	11496760	0	0	0	0	0	2043323	0	84.60004872864378	13589543	49460
C3_CKDL240007483-1A_225CVMLT4_L2_UniquelyMapped	0	0	0	0	0	11648174	0	0	0	0	0	1964131	0	85.27497804648691	13659545	47240
C4_CKDL240007483-1A_225CVMLT4_L2_UniquelyMapped	0	0	0	0	0	10149605	0	0	0	0	0	1796704	0	84.67954012631509	11985900	39591
C5_CKDL240007483-1A_225CVMLT4_L2_UniquelyMapped	0	0	0	0	0	16090524	0	0	0	0	0	2340943	0	86.97843356456015	18499441	67974
C6_CKDL240007483-1A_225CVMLT4_L2_UniquelyMapped	0	0	0	0	0	12388745	0	0	0	0	0	1390124	0	89.55182181965039	13834163	55294
C7_CKDL240007483-1A_225CVMLT4_L2_UniquelyMapped	0	0	0	0	0	15511611	0	0	0	0	0	2492591	0	85.84837221050823	18068614	64412
C8_CKDL240007483-1A_225CVMLT4_L2_UniquelyMapped	0	0	0	0	0	14618578	0	0	0	0	0	1871653	0	88.33169251224241	16549641	59410
C9_CKDL240007483-1A_225CVMLT4_L2_UniquelyMapped	0	0	0	0	0	16130448	0	0	0	0	0	3874276	0	80.25720999952185	20098441	93717
D10_CKDL240007483-1A_225CVMLT4_L2_UniquelyMapped	0	0	0	0	0	12917327	0	0	0	0	0	3065549	0	80.42598104978495	16061137	78261
D11_CKDL240007483-1A_225CVMLT4_L2_UniquelyMapped	0	0	0	0	0	13770143	0	0	0	0	0	4373968	0	75.51384940874148	18235255	91144
D12_CKDL240007483-1A_225CVMLT4_L2_UniquelyMapped	0	0	0	0	0	10656415	0	0	0	0	0	2771492	0	78.9639160961037	13495297	67390
D13_CKDL240007483-1A_225CVMLT4_L2_UniquelyMapped	0	0	0	0	0	12714521	0	0	0	0	0	2680396	0	82.19131795559768	15469421	74504
D14_CKDL240007483-1A_225CVMLT4_L2_UniquelyMapped	0	0	0	0	0	12130654	0	0	0	0	0	4017017	0	74.79255587220621	16219066	71395
D15_CKDL240007483-1A_225CVMLT4_L2_UniquelyMapped	0	0	0	0	0	10059740	0	0	0	0	0	2486616	0	79.81759225200287	12603412	57056
D16_CKDL240007483-1A_225CVMLT4_L2_UniquelyMapped	0	0	0	0	0	11322675	0	0	0	0	0	2676312	0	80.30046127815224	14100386	101399
D17_CKDL240007483-1A_225CVMLT4_L2_UniquelyMapped	0	0	0	0	0	10667867	0	0	0	0	0	3765257	0	73.44818464778857	14524344	91220
D18_CKDL240007483-1A_225CVMLT4_L2_UniquelyMapped	0	0	0	0	0	10217253	0	0	0	0	0	3180692	0	75.87702745273826	13465542	67597
D19_CKDL240007483-1A_225CVMLT4_L2_UniquelyMapped	0	0	0	0	0	8465839	0	0	0	0	0	4626378	0	64.18654666551524	13189429	97212
D1_CKDL240007483-1A_225CVMLT4_L2_UniquelyMapped	0	0	0	0	0	17741151	0	0	0	0	0	3116123	0	84.76704979301508	20929301	72027
D20_CKDL240007483-1A_225CVMLT4_L2_UniquelyMapped	0	0	0	0	0	9010139	0	0	0	0	0	2641571	0	76.8073444078552	11730830	79120
D21_CKDL240007483-1A_225CVMLT4_L2_UniquelyMapped	0	0	0	0	0	13497084	0	0	0	0	0	2775896	0	82.56485448226127	16347251	74271
D23_CKDL240007483-1A_225CVMLT4_L2_UniquelyMapped	0	0	0	0	0	12522908	0	0	0	0	0	2347254	0	83.75099121895538	14952549	82387
D24_CKDL240007483-1A_225CVMLT4_L2_UniquelyMapped	0	0	0	0	0	14103344	0	0	0	0	0	2558251	0	84.16092240460324	16757592	95997
D2_CKDL240007483-1A_225CVMLT4_L2_UniquelyMapped	0	0	0	0	0	10586813	0	0	0	0	0	2023111	0	83.65903933830197	12654715	44791
D3_CKDL240007483-1A_225CVMLT4_L2_UniquelyMapped	0	0	0	0	0	15110745	0	0	0	0	0	2889815	0	83.65929414192911	18062243	61683
D4_CKDL240007483-1A_225CVMLT4_L2_UniquelyMapped	0	0	0	0	0	15265407	0	0	0	0	0	2635223	0	84.98256442539316	17962987	62357
D5_CKDL240007483-1A_225CVMLT4_L2_UniquelyMapped	0	0	0	0	0	16070649	0	0	0	0	0	2428548	0	86.56568319381398	18564688	65491
D6_CKDL240007483-1A_225CVMLT4_L2_UniquelyMapped	0	0	0	0	0	14002266	0	0	0	0	0	1991797	0	87.24158706640938	16049990	55927
D7_CKDL240007483-1A_225CVMLT4_L2_UniquelyMapped	0	0	0	0	0	13814402	0	0	0	0	0	1547586	0	89.59649220548118	15418463	56475
D8_CKDL240007483-1A_225CVMLT4_L2_UniquelyMapped	0	0	0	0	0	9514163	0	0	0	0	0	1573762	0	85.48750087943513	11129303	41378
D9_CKDL240007483-1A_225CVMLT4_L2_UniquelyMapped	0	0	0	0	0	15469602	0	0	0	0	0	5331476	0	73.99055536721305	20907536	106458
E10_CKDL240007483-1A_225CVMLT4_L2_UniquelyMapped	0	0	0	0	0	15004441	0	0	0	0	0	3952345	0	78.79610919147663	19042109	85323
E11_CKDL240007483-1A_225CVMLT4_L2_UniquelyMapped	0	0	0	0	0	11970690	0	0	0	0	0	2608797	0	81.7338456937554	14645940	66453
E12_CKDL240007483-1A_225CVMLT4_L2_UniquelyMapped	0	0	0	0	0	15672836	0	0	0	0	0	3860925	0	79.83962423991608	19630398	96637
E13_CKDL240007483-1A_225CVMLT4_L2_UniquelyMapped	0	0	0	0	0	12700188	0	0	0	0	0	3768206	0	76.81274177511014	16533960	65566
E14_CKDL240007483-1A_225CVMLT4_L2_UniquelyMapped	0	0	0	0	0	13833061	0	0	0	0	0	2727886	0	83.10747780761362	16644785	83838
E15_CKDL240007483-1A_225CVMLT4_L2_UniquelyMapped	0	0	0	0	0	9997849	0	0	0	0	0	3860253	0	71.8381658127223	13917183	59081
E16_CKDL240007483-1A_225CVMLT4_L2_UniquelyMapped	0	0	0	0	0	11547975	0	0	0	0	0	2711926	0	80.63170342383147	14321879	61978
E17_CKDL240007483-1A_225CVMLT4_L2_UniquelyMapped	0	0	0	0	0	9737947	0	0	0	0	0	3952318	0	70.56802423529875	13799376	109111
E18_CKDL240007483-1A_225CVMLT4_L2_UniquelyMapped	0	0	0	0	0	13333463	0	0	0	0	0	3633415	0	78.12505328320957	17066821	99943
E19_CKDL240007483-1A_225CVMLT4_L2_UniquelyMapped	0	0	0	0	0	8930058	0	0	0	0	0	4136690	0	67.8024142665679	13170708	103960
E1_CKDL240007483-1A_225CVMLT4_L2_UniquelyMapped	0	0	0	0	0	15415801	0	0	0	0	0	3137358	0	82.7886260836409	18620675	67516
E20_CKDL240007483-1A_225CVMLT4_L2_UniquelyMapped	0	0	0	0	0	9482079	0	0	0	0	0	2212468	0	80.58749168804997	11766192	71645
E21_CKDL240007483-1A_225CVMLT4_L2_UniquelyMapped	0	0	0	0	0	13729466	0	0	0	0	0	2694065	0	83.12815481498453	16516024	92493
E23_CKDL240007483-1A_225CVMLT4_L2_UniquelyMapped	0	0	0	0	0	21184629	0	0	0	0	0	3613117	0	84.96457614988744	24933484	135738
E24_CKDL240007483-1A_225CVMLT4_L2_UniquelyMapped	0	0	0	0	0	9418252	0	0	0	0	0	1681494	0	84.37861889747386	11161894	62148
E2_CKDL240007483-1A_225CVMLT4_L2_UniquelyMapped	0	0	0	0	0	10948616	0	0	0	0	0	2088399	0	83.68479146591562	13083161	46146
E3_CKDL240007483-1A_225CVMLT4_L2_UniquelyMapped	0	0	0	0	0	14671218	0	0	0	0	0	2464736	0	85.33448281999432	17192602	56648
E4_CKDL240007483-1A_225CVMLT4_L2_UniquelyMapped	0	0	0	0	0	16611082	0	0	0	0	0	3323884	0	83.05030240640201	20001230	66264
E5_CKDL240007483-1A_225CVMLT4_L2_UniquelyMapped	0	0	0	0	0	14934682	0	0	0	0	0	2372323	0	85.92702301604461	17380658	73653
E6_CKDL240007483-1A_225CVMLT4_L2_UniquelyMapped	0	0	0	0	0	14692970	0	0	0	0	0	1522813	0	90.24815498562955	16280632	64849
E7_CKDL240007483-1A_225CVMLT4_L2_UniquelyMapped	0	0	0	0	0	9969657	0	0	0	0	0	2142886	0	81.97525051618639	12161789	49246
E8_CKDL240007483-1A_225CVMLT4_L2_UniquelyMapped	0	0	0	0	0	11565993	0	0	0	0	0	1502463	0	88.10477420605103	13127544	59088
E9_CKDL240007483-1A_225CVMLT4_L2_UniquelyMapped	0	0	0	0	0	10071279	0	0	0	0	0	3104859	0	76.04592530172883	13243680	67542
F10_CKDL240007483-1A_225CVMLT4_L2_UniquelyMapped	0	0	0	0	0	13016118	0	0	0	0	0	3330387	0	79.25368982069989	16423359	76854
F11_CKDL240007483-1A_225CVMLT4_L2_UniquelyMapped	0	0	0	0	0	9475947	0	0	0	0	0	2621900	0	77.93733526845351	12158418	60571
F12_CKDL240007483-1A_225CVMLT4_L2_UniquelyMapped	0	0	0	0	0	9871025	0	0	0	0	0	2479770	0	79.5506571837946	12408477	57682
F13_CKDL240007483-1A_225CVMLT4_L2_UniquelyMapped	0	0	0	0	0	14877380	0	0	0	0	0	4054580	0	78.20879980814442	19022642	90682
F14_CKDL240007483-1A_225CVMLT4_L2_UniquelyMapped	0	0	0	0	0	10666140	0	0	0	0	0	2523359	0	80.46697087701207	13255302	65803
F15_CKDL240007483-1A_225CVMLT4_L2_UniquelyMapped	0	0	0	0	0	14598838	0	0	0	0	0	5015538	0	74.07869844124491	19707201	92825
F16_CKDL240007483-1A_225CVMLT4_L2_UniquelyMapped	0	0	0	0	0	7803685	0	0	0	0	0	1187003	0	86.4476917180123	9027060	36372
F17_CKDL240007483-1A_225CVMLT4_L2_UniquelyMapped	0	0	0	0	0	14019353	0	0	0	0	0	3792216	0	78.20884443386736	17925534	113965
F18_CKDL240007483-1A_225CVMLT4_L2_UniquelyMapped	0	0	0	0	0	12682337	0	0	0	0	0	3206109	0	79.40111164863244	15972493	84047
F19_CKDL240007483-1A_225CVMLT4_L2_UniquelyMapped	0	0	0	0	0	11350498	0	0	0	0	0	3286930	0	77.11756039279992	14718435	81007
F1_CKDL240007483-1A_225CVMLT4_L2_UniquelyMapped	0	0	0	0	0	13321296	0	0	0	0	0	2552580	0	83.6119247626142	15932292	58416
F20_CKDL240007483-1A_225CVMLT4_L2_UniquelyMapped	0	0	0	0	0	9722351	0	0	0	0	0	2128901	0	81.63426365773287	11909645	58393
F23_CKDL240007483-1A_225CVMLT4_L2_UniquelyMapped	0	0	0	0	0	21869052	0	0	0	0	0	3571315	0	85.4809793644583	25583530	143163
F24_CKDL240007483-1A_225CVMLT4_L2_UniquelyMapped	0	0	0	0	0	12476096	0	0	0	0	0	2013481	0	85.73205201688323	14552429	62852
F2_CKDL240007483-1A_225CVMLT4_L2_UniquelyMapped	0	0	0	0	0	9941534	0	0	0	0	0	2064843	0	82.49569557578462	12050973	44596
F3_CKDL240007483-1A_225CVMLT4_L2_UniquelyMapped	0	0	0	0	0	14049602	0	0	0	0	0	2897286	0	82.60429984905034	17008318	61430
F4_CKDL240007483-1A_225CVMLT4_L2_UniquelyMapped	0	0	0	0	0	10988300	0	0	0	0	0	2092610	0	83.715782165414	13125721	44811
F5_CKDL240007483-1A_225CVMLT4_L2_UniquelyMapped	0	0	0	0	0	10975164	0	0	0	0	0	1993224	0	84.30542242069782	13018337	49949
F6_CKDL240007483-1A_225CVMLT4_L2_UniquelyMapped	0	0	0	0	0	12584427	0	0	0	0	0	1964497	0	86.08342202005434	14618874	69950
F7_CKDL240007483-1A_225CVMLT4_L2_UniquelyMapped	0	0	0	0	0	11673946	0	0	0	0	0	1920408	0	85.57208656997284	13642236	47882
F8_CKDL240007483-1A_225CVMLT4_L2_UniquelyMapped	0	0	0	0	0	11163683	0	0	0	0	0	1992596	0	84.51841908819873	13208580	52301
F9_CKDL240007483-1A_225CVMLT4_L2_UniquelyMapped	0	0	0	0	0	16627075	0	0	0	0	0	3724690	0	81.32498725986017	20445223	93458
G10_CKDL240007483-1A_225CVMLT4_L2_UniquelyMapped	0	0	0	0	0	13915065	0	0	0	0	0	3517325	0	79.43003918739596	17518643	86253
G11_CKDL240007483-1A_225CVMLT4_L2_UniquelyMapped	0	0	0	0	0	10688529	0	0	0	0	0	3156357	0	76.84637316802403	13908957	64071
G12_CKDL240007483-1A_225CVMLT4_L2_UniquelyMapped	0	0	0	0	0	13927792	0	0	0	0	0	3541045	0	79.35131044139939	17552063	83226
G13_CKDL240007483-1A_225CVMLT4_L2_UniquelyMapped	0	0	0	0	0	11350228	0	0	0	0	0	2087870	0	84.08854442171506	13497948	59850
G14_CKDL240007483-1A_225CVMLT4_L2_UniquelyMapped	0	0	0	0	0	14785918	0	0	0	0	0	3498779	0	80.5354849669983	18359507	74810
G15_CKDL240007483-1A_225CVMLT4_L2_UniquelyMapped	0	0	0	0	0	12486414	0	0	0	0	0	1890295	0	86.50823837903651	14433786	57077
G16_CKDL240007483-1A_225CVMLT4_L2_UniquelyMapped	0	0	0	0	0	12190190	0	0	0	0	0	2886338	0	80.54596228525486	15134452	57924
G17_CKDL240007483-1A_225CVMLT4_L2_UniquelyMapped	0	0	0	0	0	12388038	0	0	0	0	0	3338216	0	78.33766071486501	15813643	87389
G18_CKDL240007483-1A_225CVMLT4_L2_UniquelyMapped	0	0	0	0	0	11047963	0	0	0	0	0	3063310	0	77.78322556316813	14203529	92256
G19_CKDL240007483-1A_225CVMLT4_L2_UniquelyMapped	0	0	0	0	0	12730841	0	0	0	0	0	3624852	0	77.3174840329901	16465669	109976
G1_CKDL240007483-1A_225CVMLT4_L2_UniquelyMapped	0	0	0	0	0	14120324	0	0	0	0	0	2697546	0	83.65276463081126	16879686	61816
G20_CKDL240007483-1A_225CVMLT4_L2_UniquelyMapped	0	0	0	0	0	9243537	0	0	0	0	0	2925174	0	75.4854761984675	12245451	76740
G21_CKDL240007483-1A_225CVMLT4_L2_UniquelyMapped	0	0	0	0	0	14350284	0	0	0	0	0	3035702	0	82.02874859246312	17494213	108227
G23_CKDL240007483-1A_225CVMLT4_L2_UniquelyMapped	0	0	0	0	0	17728987	0	0	0	0	0	3010274	0	85.10487434937014	20831929	92668
G24_CKDL240007483-1A_225CVMLT4_L2_UniquelyMapped	0	0	0	0	0	13571651	0	0	0	0	0	2564374	0	83.62814367674686	16228569	92544
G2_CKDL240007483-1A_225CVMLT4_L2_UniquelyMapped	0	0	0	0	0	10812450	0	0	0	0	0	1868039	0	84.98838414660027	12722268	41779
G3_CKDL240007483-1A_225CVMLT4_L2_UniquelyMapped	0	0	0	0	0	13492331	0	0	0	0	0	2480659	0	84.17573655861821	16028765	55775
G4_CKDL240007483-1A_225CVMLT4_L2_UniquelyMapped	0	0	0	0	0	10044813	0	0	0	0	0	1721987	0	85.06734206905242	11808072	41272
G5_CKDL240007483-1A_225CVMLT4_L2_UniquelyMapped	0	0	0	0	0	14653805	0	0	0	0	0	1138397	0	92.48637600245135	15844285	52083
G6_CKDL240007483-1A_225CVMLT4_L2_UniquelyMapped	0	0	0	0	0	12981068	0	0	0	0	0	1112276	0	91.79580606881588	14141243	47899
G7_CKDL240007483-1A_225CVMLT4_L2_UniquelyMapped	0	0	0	0	0	11393476	0	0	0	0	0	1510699	0	87.98859509097747	12948810	44635
G8_CKDL240007483-1A_225CVMLT4_L2_UniquelyMapped	0	0	0	0	0	12197910	0	0	0	0	0	1885690	0	86.29138292334838	14135722	52122
G9_CKDL240007483-1A_225CVMLT4_L2_UniquelyMapped	0	0	0	0	0	13088641	0	0	0	0	0	4295657	0	74.9242851272102	17469157	84859
H10_CKDL240007483-1A_225CVMLT4_L2_UniquelyMapped	0	0	0	0	0	9400211	0	0	0	0	0	2322000	0	79.82826607896266	11775542	53331
H11_CKDL240007483-1A_225CVMLT4_L2_UniquelyMapped	0	0	0	0	0	9352474	0	0	0	0	0	3036946	0	75.08555280903441	12455757	66337
H13_CKDL240007483-1A_225CVMLT4_L2_UniquelyMapped	0	0	0	0	0	12761012	0	0	0	0	0	2154423	0	85.22998650053391	14972444	57009
H14_CKDL240007483-1A_225CVMLT4_L2_UniquelyMapped	0	0	0	0	0	11730317	0	0	0	0	0	3195122	0	78.23697051159526	14993317	67878
H15_CKDL240007483-1A_225CVMLT4_L2_UniquelyMapped	0	0	0	0	0	12266099	0	0	0	0	0	1532857	0	88.55912804690288	13850745	51789
H17_CKDL240007483-1A_225CVMLT4_L2_UniquelyMapped	0	0	0	0	0	12285835	0	0	0	0	0	3227048	0	78.64986595222318	15620923	108040
H18_CKDL240007483-1A_225CVMLT4_L2_UniquelyMapped	0	0	0	0	0	12360640	0	0	0	0	0	3595058	0	76.95930837834898	16061267	105569
H19_CKDL240007483-1A_225CVMLT4_L2_UniquelyMapped	0	0	0	0	0	3389406	0	0	0	0	0	5513237	0	37.863773769546825	8951580	48937
H1_CKDL240007483-1A_225CVMLT4_L2_UniquelyMapped	0	0	0	0	0	15584249	0	0	0	0	0	3069548	0	83.23003535137131	18724309	70512
H21_CKDL240007483-1A_225CVMLT4_L2_UniquelyMapped	0	0	0	0	0	14750744	0	0	0	0	0	2956747	0	82.82838083905017	17808804	101313
H23_CKDL240007483-1A_225CVMLT4_L2_UniquelyMapped	0	0	0	0	0	22824108	0	0	0	0	0	4410956	0	83.3271135228707	27390974	155910
H2_CKDL240007483-1A_225CVMLT4_L2_UniquelyMapped	0	0	0	0	0	11476556	0	0	0	0	0	2151142	0	83.90386439874015	13678221	50523
H3_CKDL240007483-1A_225CVMLT4_L2_UniquelyMapped	0	0	0	0	0	12738671	0	0	0	0	0	2409045	0	83.78649631195717	15203728	56012
H5_CKDL240007483-1A_225CVMLT4_L2_UniquelyMapped	0	0	0	0	0	13292293	0	0	0	0	0	2242501	0	85.28210933448956	15586262	51468
H6_CKDL240007483-1A_225CVMLT4_L2_UniquelyMapped	0	0	0	0	0	15203720	0	0	0	0	0	2511578	0	85.52799602707154	17776308	61010
H7_CKDL240007483-1A_225CVMLT4_L2_UniquelyMapped	0	0	0	0	0	12253132	0	0	0	0	0	2438626	0	83.09136982035695	14746576	54818
H9_CKDL240007483-1A_225CVMLT4_L2_UniquelyMapped	0	0	0	0	0	13916698	0	0	0	0	0	3046463	0	81.66290812755746	17041639	78478
I10_CKDL240007483-1A_225CVMLT4_L2_UniquelyMapped	0	0	0	0	0	11912850	0	0	0	0	0	3428132	0	77.28904279562393	15413375	72393
I11_CKDL240007483-1A_225CVMLT4_L2_UniquelyMapped	0	0	0	0	0	11815075	0	0	0	0	0	3107201	0	78.80639123446377	14992534	70258
I13_CKDL240007483-1A_225CVMLT4_L2_UniquelyMapped	0	0	0	0	0	12316573	0	0	0	0	0	2572178	0	82.42176620369595	14943350	54599
I14_CKDL240007483-1A_225CVMLT4_L2_UniquelyMapped	0	0	0	0	0	12257556	0	0	0	0	0	3515048	0	77.3454201340488	15847811	75207
I15_CKDL240007483-1A_225CVMLT4_L2_UniquelyMapped	0	0	0	0	0	11069791	0	0	0	0	0	2698836	0	80.01488290464569	13834665	66038
I17_CKDL240007483-1A_225CVMLT4_L2_UniquelyMapped	0	0	0	0	0	10028510	0	0	0	0	0	2803398	0	77.57866914790262	12926891	94983
I18_CKDL240007483-1A_225CVMLT4_L2_UniquelyMapped	0	0	0	0	0	11487467	0	0	0	0	0	3780231	0	74.86637738888787	15343960	76262
I19_CKDL240007483-1A_225CVMLT4_L2_UniquelyMapped	0	0	0	0	0	12255403	0	0	0	0	0	3828209	0	75.67087542612477	16195667	112055
I1_CKDL240007483-1A_225CVMLT4_L2_UniquelyMapped	0	0	0	0	0	12274187	0	0	0	0	0	2415094	0	83.2585957390753	14742246	52965
I21_CKDL240007483-1A_225CVMLT4_L2_UniquelyMapped	0	0	0	0	0	14771825	0	0	0	0	0	3465033	0	80.63026518949019	18320447	83589
I22_CKDL240007483-1A_225CVMLT4_L2_UniquelyMapped	0	0	0	0	0	19117575	0	0	0	0	0	2986190	0	86.13408624314168	22195133	91368
I23_CKDL240007483-1A_225CVMLT4_L2_UniquelyMapped	0	0	0	0	0	21244243	0	0	0	0	0	3970324	0	83.7902011075925	25354090	139523
I2_CKDL240007483-1A_225CVMLT4_L2_UniquelyMapped	0	0	0	0	0	9811540	0	0	0	0	0	1840070	0	83.90971944515047	11692972	41362
I3_CKDL240007483-1A_225CVMLT4_L2_UniquelyMapped	0	0	0	0	0	12818064	0	0	0	0	0	2502507	0	83.38133362891992	15372822	52251
I5_CKDL240007483-1A_225CVMLT4_L2_UniquelyMapped	0	0	0	0	0	14643259	0	0	0	0	0	958752	0	93.55349672929523	15652284	50273
I6_CKDL240007483-1A_225CVMLT4_L2_UniquelyMapped	0	0	0	0	0	18430937	0	0	0	0	0	2729485	0	86.73909491344133	21248708	88286
I7_CKDL240007483-1A_225CVMLT4_L2_UniquelyMapped	0	0	0	0	0	11542946	0	0	0	0	0	1438292	0	88.57162829452817	13032329	51091
I9_CKDL240007483-1A_225CVMLT4_L2_UniquelyMapped	0	0	0	0	0	12400720	0	0	0	0	0	3292601	0	78.62486999910665	15772007	78686
J10_CKDL240007483-1A_225CVMLT4_L2_UniquelyMapped	0	0	0	0	0	11768733	0	0	0	0	0	3006217	0	79.2925093525713	14842175	67225
J11_CKDL240007483-1A_225CVMLT4_L2_UniquelyMapped	0	0	0	0	0	10789641	0	0	0	0	0	2518449	0	80.72110208095302	13366568	58478
J13_CKDL240007483-1A_225CVMLT4_L2_UniquelyMapped	0	0	0	0	0	13587094	0	0	0	0	0	2597326	0	83.60380549435708	16251765	67345
J14_CKDL240007483-1A_225CVMLT4_L2_UniquelyMapped	0	0	0	0	0	12568370	0	0	0	0	0	2220437	0	84.60634033419868	14855116	66309
J15_CKDL240007483-1A_225CVMLT4_L2_UniquelyMapped	0	0	0	0	0	8852986	0	0	0	0	0	2250377	0	79.36685357756093	11154513	51150
J17_CKDL240007483-1A_225CVMLT4_L2_UniquelyMapped	0	0	0	0	0	10644621	0	0	0	0	0	3086313	0	77.05841242870125	13813704	82770
J18_CKDL240007483-1A_225CVMLT4_L2_UniquelyMapped	0	0	0	0	0	9194194	0	0	0	0	0	2762020	0	76.41456846169515	12031991	75777
J19_CKDL240007483-1A_225CVMLT4_L2_UniquelyMapped	0	0	0	0	0	11318495	0	0	0	0	0	2608556	0	80.8427376105066	14000633	73582
J1_CKDL240007483-1A_225CVMLT4_L2_UniquelyMapped	0	0	0	0	0	13363836	0	0	0	0	0	2130993	0	85.9735107756419	15544132	49303
J21_CKDL240007483-1A_225CVMLT4_L2_UniquelyMapped	0	0	0	0	0	14986032	0	0	0	0	0	3160797	0	82.0997820848753	18253437	106608
J22_CKDL240007483-1A_225CVMLT4_L2_UniquelyMapped	0	0	0	0	0	23062101	0	0	0	0	0	4144859	0	84.29858235568436	27357638	150678
J23_CKDL240007483-1A_225CVMLT4_L2_UniquelyMapped	0	0	0	0	0	22342761	0	0	0	0	0	3703855	0	85.40093882027334	26162196	115580
J2_CKDL240007483-1A_225CVMLT4_L2_UniquelyMapped	0	0	0	0	0	11171800	0	0	0	0	0	1992648	0	84.569038396787	13210272	45824
J3_CKDL240007483-1A_225CVMLT4_L2_UniquelyMapped	0	0	0	0	0	15249802	0	0	0	0	0	3190455	0	82.42157849803343	18502196	61939
J5_CKDL240007483-1A_225CVMLT4_L2_UniquelyMapped	0	0	0	0	0	14115416	0	0	0	0	0	2505302	0	84.626450133258	16679674	58956
J6_CKDL240007483-1A_225CVMLT4_L2_UniquelyMapped	0	0	0	0	0	1279	0	0	0	0	0	321	0	79.29324240545567	1613	13
J7_CKDL240007483-1A_225CVMLT4_L2_UniquelyMapped	0	0	0	0	0	10823875	0	0	0	0	0	2316491	0	82.0303177673248	13194969	54603
J9_CKDL240007483-1A_225CVMLT4_L2_UniquelyMapped	0	0	0	0	0	12873808	0	0	0	0	0	2651283	0	82.55767147212836	15593715	68624
K10_CKDL240007483-1A_225CVMLT4_L2_UniquelyMapped	0	0	0	0	0	11521247	0	0	0	0	0	3147961	0	78.17786443362739	14737224	68016
K11_CKDL240007483-1A_225CVMLT4_L2_UniquelyMapped	0	0	0	0	0	12949222	0	0	0	0	0	3555322	0	78.10493144357503	16579263	74719
K13_CKDL240007483-1A_225CVMLT4_L2_UniquelyMapped	0	0	0	0	0	10644293	0	0	0	0	0	2182219	0	82.57328798185237	12890722	64210
K14_CKDL240007483-1A_225CVMLT4_L2_UniquelyMapped	0	0	0	0	0	9857082	0	0	0	0	0	2534675	0	79.13490064144739	12456049	64292
K15_CKDL240007483-1A_225CVMLT4_L2_UniquelyMapped	0	0	0	0	0	12080316	0	0	0	0	0	1888312	0	86.14767993180249	14022799	54171
K17_CKDL240007483-1A_225CVMLT4_L2_UniquelyMapped	0	0	0	0	0	10296113	0	0	0	0	0	3071006	0	76.57039918724418	13446597	79478
K18_CKDL240007483-1A_225CVMLT4_L2_UniquelyMapped	0	0	0	0	0	13097404	0	0	0	0	0	3465709	0	78.57732218162123	16668173	105060
K19_CKDL240007483-1A_225CVMLT4_L2_UniquelyMapped	0	0	0	0	0	11471643	0	0	0	0	0	3864776	0	74.2895548821452	15441798	105379
K1_CKDL240007483-1A_225CVMLT4_L2_UniquelyMapped	0	0	0	0	0	17766438	0	0	0	0	0	3098719	0	84.85780268224478	20936717	71560
K21_CKDL240007483-1A_225CVMLT4_L2_UniquelyMapped	0	0	0	0	0	18995859	0	0	0	0	0	3480619	0	84.03280754340278	22605289	128811
K22_CKDL240007483-1A_225CVMLT4_L2_UniquelyMapped	0	0	0	0	0	18948814	0	0	0	0	0	3978886	0	82.17078890629254	23060280	132580
K23_CKDL240007483-1A_225CVMLT4_L2_UniquelyMapped	0	0	0	0	0	18836359	0	0	0	0	0	3602460	0	83.47128921111607	22566273	127454
K2_CKDL240007483-1A_225CVMLT4_L2_UniquelyMapped	0	0	0	0	0	11933329	0	0	0	0	0	2301568	0	83.5290889574621	14286435	51538
K3_CKDL240007483-1A_225CVMLT4_L2_UniquelyMapped	0	0	0	0	0	13747811	0	0	0	0	0	2676677	0	83.39046337966154	16486071	61583
K5_CKDL240007483-1A_225CVMLT4_L2_UniquelyMapped	0	0	0	0	0	12044416	0	0	0	0	0	1745703	0	87.03603191837222	13838425	48306
K6_CKDL240007483-1A_225CVMLT4_L2_UniquelyMapped	0	0	0	0	0	16900326	0	0	0	0	0	2136879	0	88.4339379045611	19110679	73474
K7_CKDL240007483-1A_225CVMLT4_L2_UniquelyMapped	0	0	0	0	0	13185956	0	0	0	0	0	1192588	0	91.41260115750397	14424659	46115
K9_CKDL240007483-1A_225CVMLT4_L2_UniquelyMapped	0	0	0	0	0	12783859	0	0	0	0	0	3524038	0	77.98945434781666	16391779	83882
L10_CKDL240007483-1A_225CVMLT4_L2_UniquelyMapped	0	0	0	0	0	12375354	0	0	0	0	0	3199287	0	79.09862994226062	15645472	70831
L11_CKDL240007483-1A_225CVMLT4_L2_UniquelyMapped	0	0	0	0	0	11289720	0	0	0	0	0	3191032	0	77.55544132235788	14556967	76215
L13_CKDL240007483-1A_225CVMLT4_L2_UniquelyMapped	0	0	0	0	0	11138455	0	0	0	0	0	2949572	0	78.68369352363865	14155989	67962
L14_CKDL240007483-1A_225CVMLT4_L2_UniquelyMapped	0	0	0	0	0	12329838	0	0	0	0	0	2178012	0	84.6769165769638	14561038	53188
L15_CKDL240007483-1A_225CVMLT4_L2_UniquelyMapped	0	0	0	0	0	11481322	0	0	0	0	0	2289662	0	83.0778477152894	13819956	48972
L17_CKDL240007483-1A_225CVMLT4_L2_UniquelyMapped	0	0	0	0	0	12721093	0	0	0	0	0	3595185	0	77.43612160176248	16427854	111576
L18_CKDL240007483-1A_225CVMLT4_L2_UniquelyMapped	0	0	0	0	0	13449059	0	0	0	0	0	5085789	0	72.08151794896422	18658124	123276
L19_CKDL240007483-1A_225CVMLT4_L2_UniquelyMapped	0	0	0	0	0	12210179	0	0	0	0	0	3256317	0	78.47611642368564	15559102	92606
L1_CKDL240007483-1A_225CVMLT4_L2_UniquelyMapped	0	0	0	0	0	13953052	0	0	0	0	0	2484655	0	84.61017944046398	16490985	53278
L21_CKDL240007483-1A_225CVMLT4_L2_UniquelyMapped	0	0	0	0	0	293568	0	0	0	0	0	58558	0	82.95505922777828	353888	1762
L22_CKDL240007483-1A_225CVMLT4_L2_UniquelyMapped	0	0	0	0	0	18400131	0	0	0	0	0	2981766	0	85.59043232303385	21497883	115986
L23_CKDL240007483-1A_225CVMLT4_L2_UniquelyMapped	0	0	0	0	0	13996967	0	0	0	0	0	2707625	0	83.31009271684631	16801046	96454
L2_CKDL240007483-1A_225CVMLT4_L2_UniquelyMapped	0	0	0	0	0	13151644	0	0	0	0	0	2094807	0	85.97538848663466	15296987	50536
L3_CKDL240007483-1A_225CVMLT4_L2_UniquelyMapped	0	0	0	0	0	13126546	0	0	0	0	0	2561804	0	83.37238512273224	15744477	56127
L5_CKDL240007483-1A_225CVMLT4_L2_UniquelyMapped	0	0	0	0	0	12888340	0	0	0	0	0	1150296	0	91.47436418370617	14089565	50929
L6_CKDL240007483-1A_225CVMLT4_L2_UniquelyMapped	0	0	0	0	0	11298282	0	0	0	0	0	3163064	0	77.79876445039142	14522444	61098
L7_CKDL240007483-1A_225CVMLT4_L2_UniquelyMapped	0	0	0	0	0	13085042	0	0	0	0	0	2145020	0	85.61824813783362	15283006	52944
L9_CKDL240007483-1A_225CVMLT4_L2_UniquelyMapped	0	0	0	0	0	12974290	0	0	0	0	0	3732787	0	77.27034636578716	16790775	83698
M10_CKDL240007483-1A_225CVMLT4_L2_UniquelyMapped	0	0	0	0	0	12957323	0	0	0	0	0	3422069	0	78.70390527340072	16463380	83988
M11_CKDL240007483-1A_225CVMLT4_L2_UniquelyMapped	0	0	0	0	0	12397766	0	0	0	0	0	3210232	0	79.02748338099953	15687917	79919
M13_CKDL240007483-1A_225CVMLT4_L2_UniquelyMapped	0	0	0	0	0	11677492	0	0	0	0	0	1994752	0	85.09022265854901	13723659	51415
M14_CKDL240007483-1A_225CVMLT4_L2_UniquelyMapped	0	0	0	0	0	13218910	0	0	0	0	0	3268078	0	79.84879667545499	16554927	67939
M15_CKDL240007483-1A_225CVMLT4_L2_UniquelyMapped	0	0	0	0	0	12221605	0	0	0	0	0	3926425	0	75.32346006556595	16225496	77466
M17_CKDL240007483-1A_225CVMLT4_L2_UniquelyMapped	0	0	0	0	0	10395998	0	0	0	0	0	2550633	0	79.8548325510052	13018621	71990
M18_CKDL240007483-1A_225CVMLT4_L2_UniquelyMapped	0	0	0	0	0	10553044	0	0	0	0	0	4922642	0	67.73255297131452	15580461	104775
M19_CKDL240007483-1A_225CVMLT4_L2_UniquelyMapped	0	0	0	0	0	12723432	0	0	0	0	0	4236641	0	74.6264624556827	17049491	89418
M1_CKDL240007483-1A_225CVMLT4_L2_UniquelyMapped	0	0	0	0	0	16605320	0	0	0	0	0	3307737	0	83.02043988336065	20001484	88427
M21_CKDL240007483-1A_225CVMLT4_L2_UniquelyMapped	0	0	0	0	0	16014358	0	0	0	0	0	2266249	0	87.2278731216319	18359221	78614
M22_CKDL240007483-1A_225CVMLT4_L2_UniquelyMapped	0	0	0	0	0	20005450	0	0	0	0	0	3315878	0	85.4000673708346	23425567	104239
M23_CKDL240007483-1A_225CVMLT4_L2_UniquelyMapped	0	0	0	0	0	21435184	0	0	0	0	0	3937662	0	83.98594705988235	25522346	149500
M2_CKDL240007483-1A_225CVMLT4_L2_UniquelyMapped	0	0	0	0	0	13886807	0	0	0	0	0	2426814	0	84.82680967597382	16370776	57155
M3_CKDL240007483-1A_225CVMLT4_L2_UniquelyMapped	0	0	0	0	0	11954649	0	0	0	0	0	2327102	0	83.4028889432289	14333615	51864
M5_CKDL240007483-1A_225CVMLT4_L2_UniquelyMapped	0	0	0	0	0	12833259	0	0	0	0	0	1194139	0	91.13650244010522	14081360	53962
M6_CKDL240007483-1A_225CVMLT4_L2_UniquelyMapped	0	0	0	0	0	12600332	0	0	0	0	0	1818368	0	87.0292652367997	14478270	59570
M7_CKDL240007483-1A_225CVMLT4_L2_UniquelyMapped	0	0	0	0	0	13180734	0	0	0	0	0	1611358	0	88.73481965080013	14854072	61980
M9_CKDL240007483-1A_225CVMLT4_L2_UniquelyMapped	0	0	0	0	0	11629417	0	0	0	0	0	2628827	0	81.18198660814011	14325120	66876
N10_CKDL240007483-1A_225CVMLT4_L2_UniquelyMapped	0	0	0	0	0	11380397	0	0	0	0	0	3205180	0	77.61794737154763	14662069	76492
N11_CKDL240007483-1A_225CVMLT4_L2_UniquelyMapped	0	0	0	0	0	13656918	0	0	0	0	0	3056264	0	81.32459910906243	16793096	79914
N13_CKDL240007483-1A_225CVMLT4_L2_UniquelyMapped	0	0	0	0	0	11201455	0	0	0	0	0	3575947	0	75.46785847275726	14842683	65281
N14_CKDL240007483-1A_225CVMLT4_L2_UniquelyMapped	0	0	0	0	0	11077911	0	0	0	0	0	2629644	0	80.37674343585259	13782483	74928
N15_CKDL240007483-1A_225CVMLT4_L2_UniquelyMapped	0	0	0	0	0	10593041	0	0	0	0	0	2307812	0	81.7772593090269	12953529	52676
N17_CKDL240007483-1A_225CVMLT4_L2_UniquelyMapped	0	0	0	0	0	11660571	0	0	0	0	0	2714140	0	80.67148458011718	14454390	79679
N18_CKDL240007483-1A_225CVMLT4_L2_UniquelyMapped	0	0	0	0	0	10133340	0	0	0	0	0	4393815	0	69.34585098115646	14612756	85601
N19_CKDL240007483-1A_225CVMLT4_L2_UniquelyMapped	0	0	0	0	0	7801289	0	0	0	0	0	5050401	0	60.17994223834401	12963271	111581
N1_CKDL240007483-1A_225CVMLT4_L2_UniquelyMapped	0	0	0	0	0	15564265	0	0	0	0	0	2390061	0	86.4112370892656	18011853	57527
N21_CKDL240007483-1A_225CVMLT4_L2_UniquelyMapped	0	0	0	0	0	19307199	0	0	0	0	0	3403235	0	84.53536328202067	22839198	128764
N22_CKDL240007483-1A_225CVMLT4_L2_UniquelyMapped	0	0	0	0	0	25192016	0	0	0	0	0	4396969	0	84.76020149040183	29721515	132530
N23_CKDL240007483-1A_225CVMLT4_L2_UniquelyMapped	0	0	0	0	0	23074569	0	0	0	0	0	4710562	0	82.55922048614639	27949112	163981
N2_CKDL240007483-1A_225CVMLT4_L2_UniquelyMapped	0	0	0	0	0	14350183	0	0	0	0	0	2620463	0	84.2658072564325	17029663	59017
N3_CKDL240007483-1A_225CVMLT4_L2_UniquelyMapped	0	0	0	0	0	11790456	0	0	0	0	0	2088902	0	84.65669340728648	13927376	48018
N5_CKDL240007483-1A_225CVMLT4_L2_UniquelyMapped	0	0	0	0	0	13243953	0	0	0	0	0	1517230	0	89.34070052693932	14824098	62915
N6_CKDL240007483-1A_225CVMLT4_L2_UniquelyMapped	0	0	0	0	0	11656287	0	0	0	0	0	2189507	0	83.70487347705189	13925458	79664
N7_CKDL240007483-1A_225CVMLT4_L2_UniquelyMapped	0	0	0	0	0	12322920	0	0	0	0	0	2090681	0	85.18691366216032	14465743	52142
N9_CKDL240007483-1A_225CVMLT4_L2_UniquelyMapped	0	0	0	0	0	10025756	0	0	0	0	0	2512537	0	79.58149876421831	12598099	59806
O10_CKDL240007483-1A_225CVMLT4_L2_UniquelyMapped	0	0	0	0	0	12176104	0	0	0	0	0	3171713	0	78.9723307340226	15418190	70373
O11_CKDL240007483-1A_225CVMLT4_L2_UniquelyMapped	0	0	0	0	0	11294255	0	0	0	0	0	3290753	0	77.05285028049566	14657803	72795
O13_CKDL240007483-1A_225CVMLT4_L2_UniquelyMapped	0	0	0	0	0	12724268	0	0	0	0	0	1705071	0	87.68664633689583	14511067	81728
O14_CKDL240007483-1A_225CVMLT4_L2_UniquelyMapped	0	0	0	0	0	11418182	0	0	0	0	0	2829793	0	79.76719639260736	14314383	66408
O15_CKDL240007483-1A_225CVMLT4_L2_UniquelyMapped	0	0	0	0	0	13343611	0	0	0	0	0	3301072	0	79.75081327999722	16731630	86947
O17_CKDL240007483-1A_225CVMLT4_L2_UniquelyMapped	0	0	0	0	0	13328626	0	0	0	0	0	2889107	0	81.7830142301161	16297548	79815
O18_CKDL240007483-1A_225CVMLT4_L2_UniquelyMapped	0	0	0	0	0	10797311	0	0	0	0	0	4076370	0	71.96389525339232	15003789	130108
O19_CKDL240007483-1A_225CVMLT4_L2_UniquelyMapped	0	0	0	0	0	14669618	0	0	0	0	0	4091276	0	77.65950908277284	18889661	128767
O1_CKDL240007483-1A_225CVMLT4_L2_UniquelyMapped	0	0	0	0	0	12794346	0	0	0	0	0	2297168	0	84.47859680315857	15145074	53560
O21_CKDL240007483-1A_225CVMLT4_L2_UniquelyMapped	0	0	0	0	0	16907189	0	0	0	0	0	2829147	0	85.17601292553084	19849707	113371
O22_CKDL240007483-1A_225CVMLT4_L2_UniquelyMapped	0	0	0	0	0	33790846	0	0	0	0	0	5281098	0	86.12772046481297	39233415	161471
O23_CKDL240007483-1A_225CVMLT4_L2_UniquelyMapped	0	0	0	0	0	14005754	0	0	0	0	0	2615720	0	83.77460324049399	16718377	96903
O2_CKDL240007483-1A_225CVMLT4_L2_UniquelyMapped	0	0	0	0	0	17930531	0	0	0	0	0	2986478	0	85.42838780823881	20988961	71952
O3_CKDL240007483-1A_225CVMLT4_L2_UniquelyMapped	0	0	0	0	0	14584710	0	0	0	0	0	2978971	0	82.7452028528912	17626049	62368
O5_CKDL240007483-1A_225CVMLT4_L2_UniquelyMapped	0	0	0	0	0	12531626	0	0	0	0	0	2164981	0	84.95004561828864	14751759	55152
O6_CKDL240007483-1A_225CVMLT4_L2_UniquelyMapped	0	0	0	0	0	12426909	0	0	0	0	0	2174878	0	84.68212657750321	14674772	72985
O7_CKDL240007483-1A_225CVMLT4_L2_UniquelyMapped	0	0	0	0	0	12932784	0	0	0	0	0	1550703	0	88.96770967851116	14536492	53005
O9_CKDL240007483-1A_225CVMLT4_L2_UniquelyMapped	0	0	0	0	0	13330636	0	0	0	0	0	3424592	0	79.16118562477702	16839864	84636
P10_CKDL240007483-1A_225CVMLT4_L2_UniquelyMapped	0	0	0	0	0	14457019	0	0	0	0	0	3678785	0	79.3697151434165	18214780	78976
P11_CKDL240007483-1A_225CVMLT4_L2_UniquelyMapped	0	0	0	0	0	12663806	0	0	0	0	0	3625592	0	77.36444901269319	16369025	79627
P13_CKDL240007483-1A_225CVMLT4_L2_UniquelyMapped	0	0	0	0	0	12011543	0	0	0	0	0	2323496	0	83.40859280072851	14400846	65807
P14_CKDL240007483-1A_225CVMLT4_L2_UniquelyMapped	0	0	0	0	0	11598243	0	0	0	0	0	2588935	0	81.23034286848882	14278215	91037
P15_CKDL240007483-1A_225CVMLT4_L2_UniquelyMapped	0	0	0	0	0	11676468	0	0	0	0	0	2190891	0	83.88398611415036	13919782	52423
P17_CKDL240007483-1A_225CVMLT4_L2_UniquelyMapped	0	0	0	0	0	10183211	0	0	0	0	0	4567054	0	68.60048017320133	14844227	93962
P18_CKDL240007483-1A_225CVMLT4_L2_UniquelyMapped	0	0	0	0	0	12416587	0	0	0	0	0	4420081	0	73.28922808476193	16941899	105231
P19_CKDL240007483-1A_225CVMLT4_L2_UniquelyMapped	0	0	0	0	0	13820983	0	0	0	0	0	3847203	0	77.71663729070507	17783815	115629
P1_CKDL240007483-1A_225CVMLT4_L2_UniquelyMapped	0	0	0	0	0	26077973	0	0	0	0	0	4506878	0	84.94638303705166	30699333	114482
P21_CKDL240007483-1A_225CVMLT4_L2_UniquelyMapped	0	0	0	0	0	15919136	0	0	0	0	0	3076195	0	83.34085989609679	19101238	105907
P22_CKDL240007483-1A_225CVMLT4_L2_UniquelyMapped	0	0	0	0	0	14547443	0	0	0	0	0	2235683	0	86.30611068642622	16855635	72509
P23_CKDL240007483-1A_225CVMLT4_L2_UniquelyMapped	0	0	0	0	0	23342015	0	0	0	0	0	4242040	0	84.14143957107864	27741402	157347
P2_CKDL240007483-1A_225CVMLT4_L2_UniquelyMapped	0	0	0	0	0	15424533	0	0	0	0	0	3224048	0	82.43352303326498	18711481	62900
P3_CKDL240007483-1A_225CVMLT4_L2_UniquelyMapped	0	0	0	0	0	15283745	0	0	0	0	0	2638977	0	84.97130808406185	17986948	64226
P5_CKDL240007483-1A_225CVMLT4_L2_UniquelyMapped	0	0	0	0	0	16120887	0	0	0	0	0	1894141	0	89.17465926174192	18077879	62851
P6_CKDL240007483-1A_225CVMLT4_L2_UniquelyMapped	0	0	0	0	0	15519950	0	0	0	0	0	2293265	0	86.83793901349657	17872315	59100
P7_CKDL240007483-1A_225CVMLT4_L2_UniquelyMapped	0	0	0	0	0	11781333	0	0	0	0	0	1788856	0	86.47972081808487	13623232	53043
P9_CKDL240007483-1A_225CVMLT4_L2_UniquelyMapped	0	0	0	0	0	13705398	0	0	0	0	0	3385429	0	79.78415069982144	17178096	87269
