Sample	Assigned	Unassigned_Duplicate	Unassigned_MultiMapping	Unassigned_MappingQuality	Unassigned_Secondary	Unassigned_FragmentLength	Unassigned_NonSplit	percent_assigned	Unassigned_Read_Type	Total	Unassigned_Ambiguity	Unassigned_Chimera	Unassigned_NoFeatures	Unassigned_Singleton	Unassigned_Overlapping_Length	Unassigned_Unmapped
A10_ME_UniquelyMapped	23771426	0	0	0	0	0	0	75.67196943506957	0	31413780	229321	0	7413033	0	0	0
A11_ME_UniquelyMapped	34150134	0	0	0	0	0	0	74.89377352277545	0	45598095	292409	0	11155552	0	0	0
A12_ME_UniquelyMapped	22478577	0	0	0	0	0	0	74.08426154902727	0	30341906	197468	0	7665861	0	0	0
A13_ME_UniquelyMapped	20607566	0	0	0	0	0	0	67.73525711475122	0	30423692	92999	0	9723127	0	0	0
A14_ME_UniquelyMapped	18791590	0	0	0	0	0	0	66.56707365262587	0	28229557	89252	0	9348715	0	0	0
A15_ME_UniquelyMapped	21711367	0	0	0	0	0	0	66.34357961854323	0	32725649	93495	0	10920787	0	0	0
A17_ME_UniquelyMapped	23218312	0	0	0	0	0	0	81.88535372212918	0	28354658	103474	0	5032872	0	0	0
A18_ME_UniquelyMapped	25888772	0	0	0	0	0	0	80.34533061778683	0	32221875	130442	0	6202661	0	0	0
A19_ME_UniquelyMapped	13698985	0	0	0	0	0	0	76.60098270126596	0	17883563	74628	0	4109950	0	0	0
A1_ME_UniquelyMapped	27868505	0	0	0	0	0	0	69.71425353730012	0	39975333	176505	0	11930323	0	0	0
A20_ME_UniquelyMapped	19556839	0	0	0	0	0	0	82.90320626561284	0	23589967	87030	0	3946098	0	0	0
A21_ME_UniquelyMapped	21937270	0	0	0	0	0	0	67.44123681592617	0	32527977	117198	0	10473509	0	0	0
A22_ME_UniquelyMapped	22402371	0	0	0	0	0	0	67.92126708751566	0	32982852	121310	0	10459171	0	0	0
A23_ME_UniquelyMapped	18853114	0	0	0	0	0	0	61.36710620608338	0	30721856	102368	0	11766374	0	0	0
A24_ME_UniquelyMapped	20130380	0	0	0	0	0	0	65.20496289476844	0	30872466	104207	0	10637879	0	0	0
A2_ME_UniquelyMapped	20359378	0	0	0	0	0	0	74.79996093823766	0	27218434	124561	0	6734495	0	0	0
A3_ME_UniquelyMapped	19833090	0	0	0	0	0	0	75.7067197663573	0	26197265	93785	0	6270390	0	0	0
A4_ME_UniquelyMapped	14425249	0	0	0	0	0	0	67.18617019963567	0	21470563	88725	0	6956589	0	0	0
A5_ME_UniquelyMapped	26867634	0	0	0	0	0	0	87.16648139049109	0	30823355	34676	0	3921045	0	0	0
A6_ME_UniquelyMapped	18220399	0	0	0	0	0	0	60.224137299035675	0	30254313	65003	0	11968911	0	0	0
A7_ME_UniquelyMapped	18565121	0	0	0	0	0	0	75.28877813172308	0	24658550	37570	0	6055859	0	0	0
A8_ME_UniquelyMapped	10779204	0	0	0	0	0	0	54.662278553882246	0	19719639	29694	0	8910741	0	0	0
A9_ME_UniquelyMapped	32249812	0	0	0	0	0	0	76.41580534494355	0	42203065	247562	0	9705691	0	0	0
B10_ME_UniquelyMapped	17150131	0	0	0	0	0	0	73.67846756144436	0	23276992	164884	0	5961977	0	0	0
B11_ME_UniquelyMapped	23982597	0	0	0	0	0	0	76.01353934089262	0	31550428	208369	0	7359462	0	0	0
B12_ME_UniquelyMapped	24686031	0	0	0	0	0	0	73.98389750854459	0	33366762	201746	0	8478985	0	0	0
B13_ME_UniquelyMapped	14946889	0	0	0	0	0	0	58.58038531341562	0	25515177	64698	0	10503590	0	0	0
B14_ME_UniquelyMapped	25749428	0	0	0	0	0	0	69.33537403764738	0	37137505	113625	0	11274452	0	0	0
B15_ME_UniquelyMapped	29656608	0	0	0	0	0	0	72.48689073983802	0	40913064	140107	0	11116349	0	0	0
B16_ME_UniquelyMapped	22456087	0	0	0	0	0	0	67.68295696940667	0	33178348	112243	0	10610018	0	0	0
B17_ME_UniquelyMapped	30279633	0	0	0	0	0	0	81.52743830037463	0	37140420	142000	0	6718787	0	0	0
B18_ME_UniquelyMapped	24015840	0	0	0	0	0	0	80.74418554610277	0	29743120	116354	0	5610926	0	0	0
B19_ME_UniquelyMapped	31396020	0	0	0	0	0	0	79.04490173548716	0	39719222	152245	0	8170957	0	0	0
B1_ME_UniquelyMapped	14231352	0	0	0	0	0	0	75.858928803111	0	18760286	87730	0	4441204	0	0	0
B20_ME_UniquelyMapped	17428549	0	0	0	0	0	0	75.7457777448635	0	23009268	89955	0	5490764	0	0	0
B21_ME_UniquelyMapped	24599608	0	0	0	0	0	0	70.04855866244532	0	35117936	123312	0	10395016	0	0	0
B22_ME_UniquelyMapped	21204684	0	0	0	0	0	0	64.67258637807593	0	32787747	124501	0	11458562	0	0	0
B23_ME_UniquelyMapped	22636508	0	0	0	0	0	0	64.7094359682684	0	34981773	133089	0	12212176	0	0	0
B24_ME_UniquelyMapped	22300939	0	0	0	0	0	0	64.76155393306783	0	34435460	112565	0	12021956	0	0	0
B2_ME_UniquelyMapped	24907785	0	0	0	0	0	0	77.06324797600487	0	32321224	153813	0	7259626	0	0	0
B4_ME_UniquelyMapped	24345539	0	0	0	0	0	0	86.14477358721363	0	28261191	139678	0	3775974	0	0	0
B5_ME_UniquelyMapped	21486655	0	0	0	0	0	0	87.29365892612816	0	24614222	42628	0	3084939	0	0	0
B6_ME_UniquelyMapped	15119332	0	0	0	0	0	0	77.52195257713173	0	19503291	32019	0	4351940	0	0	0
B7_ME_UniquelyMapped	17606479	0	0	0	0	0	0	66.903268887775	0	26316321	75808	0	8634034	0	0	0
B8_ME_UniquelyMapped	9248361	0	0	0	0	0	0	57.106615581457945	0	16194903	39817	0	6906725	0	0	0
B9_ME_UniquelyMapped	22370858	0	0	0	0	0	0	75.27479124075958	0	29718924	210770	0	7137296	0	0	0
C10_ME_UniquelyMapped	24862956	0	0	0	0	0	0	74.5936688485271	0	33331188	208680	0	8259552	0	0	0
C11_ME_UniquelyMapped	19059404	0	0	0	0	0	0	73.75245618643996	0	25842399	190121	0	6592874	0	0	0
C12_ME_UniquelyMapped	22382494	0	0	0	0	0	0	75.28485566981979	0	29730407	191048	0	7156865	0	0	0
C13_ME_UniquelyMapped	17303843	0	0	0	0	0	0	62.349535880170194	0	27752962	80657	0	10368462	0	0	0
C14_ME_UniquelyMapped	20406995	0	0	0	0	0	0	61.6063127723711	0	33124844	94468	0	12623381	0	0	0
C15_ME_UniquelyMapped	23708341	0	0	0	0	0	0	68.7093134731844	0	34505280	115707	0	10681232	0	0	0
C16_ME_UniquelyMapped	22187906	0	0	0	0	0	0	69.43041441164719	0	31957041	101880	0	9667255	0	0	0
C17_ME_UniquelyMapped	29729709	0	0	0	0	0	0	79.13329797808585	0	37569152	153183	0	7686260	0	0	0
C18_ME_UniquelyMapped	21025507	0	0	0	0	0	0	72.53246452402826	0	28987719	114250	0	7847962	0	0	0
C19_ME_UniquelyMapped	31061086	0	0	0	0	0	0	80.47468246450876	0	38597339	159318	0	7376935	0	0	0
C1_ME_UniquelyMapped	17524447	0	0	0	0	0	0	67.43165369796084	0	25988458	123530	0	8340481	0	0	0
C20_ME_UniquelyMapped	19173348	0	0	0	0	0	0	83.19849965101352	0	23045305	74994	0	3796963	0	0	0
C21_ME_UniquelyMapped	21747093	0	0	0	0	0	0	66.95511501855582	0	32480107	121068	0	10611946	0	0	0
C22_ME_UniquelyMapped	19692159	0	0	0	0	0	0	58.83303414134788	0	33471262	108889	0	13670214	0	0	0
C23_ME_UniquelyMapped	19116305	0	0	0	0	0	0	62.467881805960914	0	30601814	116338	0	11369171	0	0	0
C24_ME_UniquelyMapped	21903097	0	0	0	0	0	0	70.75346697882516	0	30956924	111424	0	8942403	0	0	0
C2_ME_UniquelyMapped	24412233	0	0	0	0	0	0	75.74977740259745	0	32227465	132149	0	7683083	0	0	0
C3_ME_UniquelyMapped	25644589	0	0	0	0	0	0	76.06361897546165	0	33714658	154136	0	7915933	0	0	0
C4_ME_UniquelyMapped	13560997	0	0	0	0	0	0	70.29320634489501	0	19292045	81103	0	5649945	0	0	0
C5_ME_UniquelyMapped	14782924	0	0	0	0	0	0	82.52270809626006	0	17913765	29541	0	3101300	0	0	0
C6_ME_UniquelyMapped	15794645	0	0	0	0	0	0	84.71754925796593	0	18643888	33820	0	2815423	0	0	0
C7_ME_UniquelyMapped	18919407	0	0	0	0	0	0	72.7415771783296	0	26009069	41042	0	7048620	0	0	0
C8_ME_UniquelyMapped	20102915	0	0	0	0	0	0	94.5232028807623	0	21267704	26862	0	1137927	0	0	0
C9_ME_UniquelyMapped	39827674	0	0	0	0	0	0	75.48199671036198	0	52764468	380984	0	12555810	0	0	0
D10_ME_UniquelyMapped	19178056	0	0	0	0	0	0	75.45710670645603	0	25415838	187762	0	6050020	0	0	0
D11_ME_UniquelyMapped	25408834	0	0	0	0	0	0	73.13889315943804	0	34740523	194837	0	9136852	0	0	0
D12_ME_UniquelyMapped	15739737	0	0	0	0	0	0	74.6806742876073	0	21076051	157703	0	5178611	0	0	0
D13_ME_UniquelyMapped	17082931	0	0	0	0	0	0	55.78945185490961	0	30620360	83046	0	13454383	0	0	0
D14_ME_UniquelyMapped	24033759	0	0	0	0	0	0	66.48134191309185	0	36151134	116981	0	12000394	0	0	0
D15_ME_UniquelyMapped	18153011	0	0	0	0	0	0	62.84117835601997	0	28887127	99013	0	10635103	0	0	0
D16_ME_UniquelyMapped	19859880	0	0	0	0	0	0	71.21955802725653	0	27885430	90812	0	7934738	0	0	0
D17_ME_UniquelyMapped	23651252	0	0	0	0	0	0	82.35008646997726	0	28720373	129996	0	4939125	0	0	0
D18_ME_UniquelyMapped	35306174	0	0	0	0	0	0	83.34268079549402	0	42362657	159320	0	6897163	0	0	0
D19_ME_UniquelyMapped	21202878	0	0	0	0	0	0	74.06794734888985	0	28626253	125728	0	7297647	0	0	0
D1_ME_UniquelyMapped	24102997	0	0	0	0	0	0	79.6637122045166	0	30255930	149199	0	6003734	0	0	0
D20_ME_UniquelyMapped	15749675	0	0	0	0	0	0	81.37525783572069	0	19354378	76709	0	3527994	0	0	0
D21_ME_UniquelyMapped	25572456	0	0	0	0	0	0	66.90719897320787	0	38220784	140248	0	12508080	0	0	0
D23_ME_UniquelyMapped	25008786	0	0	0	0	0	0	67.78824753317136	0	36892510	138488	0	11745236	0	0	0
D24_ME_UniquelyMapped	21742280	0	0	0	0	0	0	64.07364195142189	0	33933267	128771	0	12062216	0	0	0
D2_ME_UniquelyMapped	21624651	0	0	0	0	0	0	78.95541811228915	0	27388432	117514	0	5646267	0	0	0
D3_ME_UniquelyMapped	6445138	0	0	0	0	0	0	65.41628990092563	0	9852497	47610	0	3359749	0	0	0
D4_ME_UniquelyMapped	22102847	0	0	0	0	0	0	75.81017779346986	0	29155514	122141	0	6930526	0	0	0
D5_ME_UniquelyMapped	16039480	0	0	0	0	0	0	73.38649146065129	0	21856175	42947	0	5773748	0	0	0
D6_ME_UniquelyMapped	19896774	0	0	0	0	0	0	81.99656168525887	0	24265376	45814	0	4322788	0	0	0
D7_ME_UniquelyMapped	19843664	0	0	0	0	0	0	79.34281731426813	0	25010032	46548	0	5119820	0	0	0
D8_ME_UniquelyMapped	16262572	0	0	0	0	0	0	76.56090817571311	0	21241352	56538	0	4922242	0	0	0
D9_ME_UniquelyMapped	22128000	0	0	0	0	0	0	74.72282098369986	0	29613443	233231	0	7252212	0	0	0
E10_ME_UniquelyMapped	27945681	0	0	0	0	0	0	79.40101019376728	0	35195624	203554	0	7046389	0	0	0
E11_ME_UniquelyMapped	30238446	0	0	0	0	0	0	76.84383605033285	0	39350516	220759	0	8891311	0	0	0
E12_ME_UniquelyMapped	27834852	0	0	0	0	0	0	76.84306949540847	0	36222983	248512	0	8139619	0	0	0
E13_ME_UniquelyMapped	14478426	0	0	0	0	0	0	56.836243419351206	0	25473932	66474	0	10929032	0	0	0
E14_ME_UniquelyMapped	19389282	0	0	0	0	0	0	71.1876840085283	0	27236849	96032	0	7751535	0	0	0
E15_ME_UniquelyMapped	22030459	0	0	0	0	0	0	69.87277710560066	0	31529388	113756	0	9385173	0	0	0
E16_ME_UniquelyMapped	18550698	0	0	0	0	0	0	65.98617501144577	0	28113007	96657	0	9465652	0	0	0
E17_ME_UniquelyMapped	26099029	0	0	0	0	0	0	83.53705931441498	0	31242456	129363	0	5014064	0	0	0
E18_ME_UniquelyMapped	20765825	0	0	0	0	0	0	80.12440106833435	0	25916980	97949	0	5053206	0	0	0
E19_ME_UniquelyMapped	26307035	0	0	0	0	0	0	80.96423171995689	0	32492169	131146	0	6053988	0	0	0
E1_ME_UniquelyMapped	14878370	0	0	0	0	0	0	73.37472226252466	0	20277242	99302	0	5299570	0	0	0
E20_ME_UniquelyMapped	17347206	0	0	0	0	0	0	78.85624482266283	0	21998519	92594	0	4558719	0	0	0
E21_ME_UniquelyMapped	24027336	0	0	0	0	0	0	60.761358228375606	0	39543777	137834	0	15378607	0	0	0
E22_ME_UniquelyMapped	21539130	0	0	0	0	0	0	66.79504402929439	0	32246599	126043	0	10581426	0	0	0
E23_ME_UniquelyMapped	16788675	0	0	0	0	0	0	66.52531991436696	0	25236519	88245	0	8359599	0	0	0
E24_ME_UniquelyMapped	18731576	0	0	0	0	0	0	62.94616777798359	0	29758088	114827	0	10911685	0	0	0
E2_ME_UniquelyMapped	21234415	0	0	0	0	0	0	82.57052488964273	0	25716701	98340	0	4383946	0	0	0
E3_ME_UniquelyMapped	22297500	0	0	0	0	0	0	80.03654670272041	0	27859148	140803	0	5420845	0	0	0
E4_ME_UniquelyMapped	21911677	0	0	0	0	0	0	79.52829429909613	0	27552052	124127	0	5516248	0	0	0
E5_ME_UniquelyMapped	21396728	0	0	0	0	0	0	86.73307923410924	0	24669628	53644	0	3219256	0	0	0
E6_ME_UniquelyMapped	19464695	0	0	0	0	0	0	83.03191401777273	0	23442426	55404	0	3922327	0	0	0
E7_ME_UniquelyMapped	7140908	0	0	0	0	0	0	53.802396418692766	0	13272472	20558	0	6111006	0	0	0
E8_ME_UniquelyMapped	12521364	0	0	0	0	0	0	68.6228177361672	0	18246648	42382	0	5682902	0	0	0
E9_ME_UniquelyMapped	29847623	0	0	0	0	0	0	76.53957512460083	0	38996327	229304	0	8919400	0	0	0
F10_ME_UniquelyMapped	22874627	0	0	0	0	0	0	72.40804795576956	0	31591277	204092	0	8512558	0	0	0
F11_ME_UniquelyMapped	23533316	0	0	0	0	0	0	74.39653799143679	0	31632273	201463	0	7897494	0	0	0
F12_ME_UniquelyMapped	17804067	0	0	0	0	0	0	76.0226998042521	0	23419409	163473	0	5451869	0	0	0
F13_ME_UniquelyMapped	22132819	0	0	0	0	0	0	67.8485785632605	0	32620903	110391	0	10377693	0	0	0
F14_ME_UniquelyMapped	18218620	0	0	0	0	0	0	70.09697431309189	0	25990594	85300	0	7686674	0	0	0
F15_ME_UniquelyMapped	17012511	0	0	0	0	0	0	62.93773047634018	0	27030703	79826	0	9938366	0	0	0
F16_ME_UniquelyMapped	17556126	0	0	0	0	0	0	70.04974110390434	0	25062371	85391	0	7420854	0	0	0
F17_ME_UniquelyMapped	28016985	0	0	0	0	0	0	79.49470260603563	0	35243839	142880	0	7083974	0	0	0
F18_ME_UniquelyMapped	21424299	0	0	0	0	0	0	74.52786055636722	0	28746698	119387	0	7203012	0	0	0
F19_ME_UniquelyMapped	23055280	0	0	0	0	0	0	82.34222957906256	0	27999339	97875	0	4846184	0	0	0
F1_ME_UniquelyMapped	11127174	0	0	0	0	0	0	73.05860959302913	0	15230476	63595	0	4039707	0	0	0
F20_ME_UniquelyMapped	19703759	0	0	0	0	0	0	81.22024021270532	0	24259666	107987	0	4447920	0	0	0
F21_ME_UniquelyMapped	18421456	0	0	0	0	0	0	65.65240880569424	0	28059071	105766	0	9531849	0	0	0
F22_ME_UniquelyMapped	24062862	0	0	0	0	0	0	72.03674982019898	0	33403592	120872	0	9219858	0	0	0
F23_ME_UniquelyMapped	21900669	0	0	0	0	0	0	66.60508874704905	0	32881375	125611	0	10855095	0	0	0
F24_ME_UniquelyMapped	19852730	0	0	0	0	0	0	64.04031669049543	0	31000362	116248	0	11031384	0	0	0
F2_ME_UniquelyMapped	21739093	0	0	0	0	0	0	78.75051480678313	0	27605017	128728	0	5737196	0	0	0
F3_ME_UniquelyMapped	20447853	0	0	0	0	0	0	68.94253867146894	0	29659269	147381	0	9064035	0	0	0
F5_ME_UniquelyMapped	11859853	0	0	0	0	0	0	69.56519163365554	0	17048545	27144	0	5161548	0	0	0
F6_ME_UniquelyMapped	11898099	0	0	0	0	0	0	62.53635637878931	0	19025891	36370	0	7091422	0	0	0
F7_ME_UniquelyMapped	20180897	0	0	0	0	0	0	85.79260275322498	0	23522887	47053	0	3294937	0	0	0
F9_ME_UniquelyMapped	21802243	0	0	0	0	0	0	72.56319662446774	0	30045869	239066	0	8004560	0	0	0
G10_ME_UniquelyMapped	24715280	0	0	0	0	0	0	75.13198639000169	0	32895816	225295	0	7955241	0	0	0
G11_ME_UniquelyMapped	25136237	0	0	0	0	0	0	75.41374335909435	0	33331109	228847	0	7966025	0	0	0
G13_ME_UniquelyMapped	17656195	0	0	0	0	0	0	65.24290816386106	0	27062244	90047	0	9316002	0	0	0
G14_ME_UniquelyMapped	19148764	0	0	0	0	0	0	61.456786751564884	0	31158095	101989	0	11907342	0	0	0
G15_ME_UniquelyMapped	17914628	0	0	0	0	0	0	66.26606092964393	0	27034394	90379	0	9029387	0	0	0
G16_ME_UniquelyMapped	22412973	0	0	0	0	0	0	70.8837000216418	0	31619361	105222	0	9101166	0	0	0
G17_ME_UniquelyMapped	32035470	0	0	0	0	0	0	79.78681157176966	0	40151335	160915	0	7954950	0	0	0
G18_ME_UniquelyMapped	20935708	0	0	0	0	0	0	81.32531344341797	0	25743163	104453	0	4703002	0	0	0
G19_ME_UniquelyMapped	24183606	0	0	0	0	0	0	77.3976467134796	0	31245919	129133	0	6933180	0	0	0
G1_ME_UniquelyMapped	11707302	0	0	0	0	0	0	75.51123567495544	0	15504053	61558	0	3735193	0	0	0
G20_ME_UniquelyMapped	23486437	0	0	0	0	0	0	80.00880877664564	0	29354814	119919	0	5748458	0	0	0
G21_ME_UniquelyMapped	25180266	0	0	0	0	0	0	63.63536723347456	0	39569609	150647	0	14238696	0	0	0
G22_ME_UniquelyMapped	20640055	0	0	0	0	0	0	67.41824416445043	0	30614940	124213	0	9850672	0	0	0
G23_ME_UniquelyMapped	27935726	0	0	0	0	0	0	66.61385069962279	0	41936813	162327	0	13838760	0	0	0
G24_ME_UniquelyMapped	13965217	0	0	0	0	0	0	61.14995241631169	0	22837658	80093	0	8792348	0	0	0
G2_ME_UniquelyMapped	18946478	0	0	0	0	0	0	75.17681143134847	0	25202556	120722	0	6135356	0	0	0
G3_ME_UniquelyMapped	9159376	0	0	0	0	0	0	59.67327697472879	0	15349209	61728	0	6128105	0	0	0
G5_ME_UniquelyMapped	22424924	0	0	0	0	0	0	75.04200777153395	0	29883161	122660	0	7335577	0	0	0
G6_ME_UniquelyMapped	14339191	0	0	0	0	0	0	67.34394356165204	0	21292473	38600	0	6914682	0	0	0
G7_ME_UniquelyMapped	23015490	0	0	0	0	0	0	92.05177539157067	0	25002766	31963	0	1955313	0	0	0
G9_ME_UniquelyMapped	25612397	0	0	0	0	0	0	73.18366764271951	0	34997422	221692	0	9163333	0	0	0
H10_ME_UniquelyMapped	22349020	0	0	0	0	0	0	78.75856400384795	0	28376622	175414	0	5852188	0	0	0
H11_ME_UniquelyMapped	24004294	0	0	0	0	0	0	74.5751962530182	0	32188040	228739	0	7955007	0	0	0
H13_ME_UniquelyMapped	19310672	0	0	0	0	0	0	69.75577802294802	0	27683258	97417	0	8275169	0	0	0
H14_ME_UniquelyMapped	17127895	0	0	0	0	0	0	61.988410615080944	0	27630802	76270	0	10426637	0	0	0
H15_ME_UniquelyMapped	18668086	0	0	0	0	0	0	68.02678307204957	0	27442259	90605	0	8683568	0	0	0
H17_ME_UniquelyMapped	25719029	0	0	0	0	0	0	81.88542058777168	0	31408557	117990	0	5571538	0	0	0
H18_ME_UniquelyMapped	26301807	0	0	0	0	0	0	77.70670187552774	0	33847540	142333	0	7403400	0	0	0
H19_ME_UniquelyMapped	24932469	0	0	0	0	0	0	78.1141991692267	0	31917973	123078	0	6862426	0	0	0
H1_ME_UniquelyMapped	29775586	0	0	0	0	0	0	88.43745570788907	0	33668524	110675	0	3782263	0	0	0
H21_ME_UniquelyMapped	24578869	0	0	0	0	0	0	66.61615115959853	0	36896261	132735	0	12184657	0	0	0
H22_ME_UniquelyMapped	19044664	0	0	0	0	0	0	64.36997179940482	0	29586255	119657	0	10421934	0	0	0
H23_ME_UniquelyMapped	17193774	0	0	0	0	0	0	62.36006611109842	0	27571770	122776	0	10255220	0	0	0
H2_ME_UniquelyMapped	32949119	0	0	0	0	0	0	86.5294835236105	0	38078488	154793	0	4974576	0	0	0
H3_ME_UniquelyMapped	30819630	0	0	0	0	0	0	86.37730333716075	0	35680241	137040	0	4723571	0	0	0
H5_ME_UniquelyMapped	16247546	0	0	0	0	0	0	76.8364570612516	0	21145621	44421	0	4853654	0	0	0
H6_ME_UniquelyMapped	14061979	0	0	0	0	0	0	71.56566852037733	0	19649057	35093	0	5551985	0	0	0
H7_ME_UniquelyMapped	15143736	0	0	0	0	0	0	66.63042935929397	0	22727958	83299	0	7500923	0	0	0
H9_ME_UniquelyMapped	25220464	0	0	0	0	0	0	74.71104361764954	0	33757344	255484	0	8281396	0	0	0
I10_ME_UniquelyMapped	22520959	0	0	0	0	0	0	75.08655757796816	0	29993330	230537	0	7241834	0	0	0
I11_ME_UniquelyMapped	27797040	0	0	0	0	0	0	72.4304949533369	0	38377537	285373	0	10295124	0	0	0
I12_ME_UniquelyMapped	17385074	0	0	0	0	0	0	71.89623496507662	0	24180785	78181	0	6717530	0	0	0
I13_ME_UniquelyMapped	23286079	0	0	0	0	0	0	66.9131875456837	0	34800433	109924	0	11404430	0	0	0
I14_ME_UniquelyMapped	24159273	0	0	0	0	0	0	65.06967607173534	0	37128313	112709	0	12856331	0	0	0
I15_ME_UniquelyMapped	20584513	0	0	0	0	0	0	70.52676292726876	0	29186811	92370	0	8509928	0	0	0
I16_ME_UniquelyMapped	19071859	0	0	0	0	0	0	77.19428044113911	0	24706311	84119	0	5550333	0	0	0
I17_ME_UniquelyMapped	23990177	0	0	0	0	0	0	80.1599210368788	0	29927895	117140	0	5820578	0	0	0
I18_ME_UniquelyMapped	23502274	0	0	0	0	0	0	76.30794751871865	0	30799248	135592	0	7161382	0	0	0
I19_ME_UniquelyMapped	9973352	0	0	0	0	0	0	80.9835915154148	0	12315275	46154	0	2295769	0	0	0
I1_ME_UniquelyMapped	17204724	0	0	0	0	0	0	70.67632059211152	0	24342982	104084	0	7034174	0	0	0
I20_ME_UniquelyMapped	19203342	0	0	0	0	0	0	75.49069552372875	0	25438025	85688	0	6148995	0	0	0
I21_ME_UniquelyMapped	18014426	0	0	0	0	0	0	58.20374013029072	0	30950633	111012	0	12825195	0	0	0
I22_ME_UniquelyMapped	22461956	0	0	0	0	0	0	65.0426662715413	0	34534187	134060	0	11938171	0	0	0
I23_ME_UniquelyMapped	18969300	0	0	0	0	0	0	60.3235707834502	0	31445917	118923	0	12357694	0	0	0
I2_ME_UniquelyMapped	20189713	0	0	0	0	0	0	75.22521871326012	0	26839022	123634	0	6525675	0	0	0
I3_ME_UniquelyMapped	27672639	0	0	0	0	0	0	76.65934690969158	0	36098193	152478	0	8273076	0	0	0
I4_ME_UniquelyMapped	20937795	0	0	0	0	0	0	72.29676659576303	0	28960901	98591	0	7924515	0	0	0
I5_ME_UniquelyMapped	21023874	0	0	0	0	0	0	82.27820414063316	0	25552179	63312	0	4464993	0	0	0
I6_ME_UniquelyMapped	15190188	0	0	0	0	0	0	88.12430861853193	0	17237228	20141	0	2026899	0	0	0
I7_ME_UniquelyMapped	17412298	0	0	0	0	0	0	63.0276279043133	0	27626453	53632	0	10160523	0	0	0
I8_ME_UniquelyMapped	19988009	0	0	0	0	0	0	74.62351133852746	0	26785136	89264	0	6707863	0	0	0
I9_ME_UniquelyMapped	21161491	0	0	0	0	0	0	75.43647137043617	0	28052069	226041	0	6664537	0	0	0
J10_ME_UniquelyMapped	24318756	0	0	0	0	0	0	73.05004965374548	0	33290540	245533	0	8726251	0	0	0
J11_ME_UniquelyMapped	22120173	0	0	0	0	0	0	74.44263865994067	0	29714386	214377	0	7379836	0	0	0
J12_ME_UniquelyMapped	16113105	0	0	0	0	0	0	78.55584649040526	0	20511656	86038	0	4312513	0	0	0
J13_ME_UniquelyMapped	16611211	0	0	0	0	0	0	66.22227622738187	0	25084023	82784	0	8390028	0	0	0
J14_ME_UniquelyMapped	21901124	0	0	0	0	0	0	68.06737366908696	0	32175656	107822	0	10166710	0	0	0
J15_ME_UniquelyMapped	15223670	0	0	0	0	0	0	63.759237154281145	0	23876807	66124	0	8587013	0	0	0
J16_ME_UniquelyMapped	20851589	0	0	0	0	0	0	74.68017206289777	0	27921185	99685	0	6969911	0	0	0
J17_ME_UniquelyMapped	23756738	0	0	0	0	0	0	80.38369536622152	0	29554175	114379	0	5683058	0	0	0
J18_ME_UniquelyMapped	19933619	0	0	0	0	0	0	77.43252774488776	0	25743211	105893	0	5703699	0	0	0
J19_ME_UniquelyMapped	24099589	0	0	0	0	0	0	82.08911923889758	0	29357836	115861	0	5142386	0	0	0
J1_ME_UniquelyMapped	25623117	0	0	0	0	0	0	80.86566930166629	0	31686026	141985	0	5920924	0	0	0
J20_ME_UniquelyMapped	20598800	0	0	0	0	0	0	73.71269911192493	0	27944710	90746	0	7255164	0	0	0
J21_ME_UniquelyMapped	18225490	0	0	0	0	0	0	63.48526216635778	0	28708222	107243	0	10375489	0	0	0
J22_ME_UniquelyMapped	23078575	0	0	0	0	0	0	62.72523227707087	0	36793128	142327	0	13572226	0	0	0
J23_ME_UniquelyMapped	18781366	0	0	0	0	0	0	64.94302390279255	0	28919759	107337	0	10031056	0	0	0
J2_ME_UniquelyMapped	19574503	0	0	0	0	0	0	71.5119590211275	0	27372349	102717	0	7695129	0	0	0
J3_ME_UniquelyMapped	22279095	0	0	0	0	0	0	72.28913492997144	0	30819424	157222	0	8383107	0	0	0
J4_ME_UniquelyMapped	17061216	0	0	0	0	0	0	75.11928519363961	0	22712165	82697	0	5568252	0	0	0
J5_ME_UniquelyMapped	16447398	0	0	0	0	0	0	80.5483699450534	0	20419281	50087	0	3921796	0	0	0
J6_ME_UniquelyMapped	12649293	0	0	0	0	0	0	59.57086798192994	0	21234025	31245	0	8553487	0	0	0
J7_ME_UniquelyMapped	13718686	0	0	0	0	0	0	70.72603204422965	0	19396940	39963	0	5638291	0	0	0
J8_ME_UniquelyMapped	19488642	0	0	0	0	0	0	73.53606804941214	0	26502154	100698	0	6912814	0	0	0
J9_ME_UniquelyMapped	27980656	0	0	0	0	0	0	74.83259007521141	0	37391003	249754	0	9160593	0	0	0
K10_ME_UniquelyMapped	26466812	0	0	0	0	0	0	77.49665321706946	0	34152200	205052	0	7480336	0	0	0
K11_ME_UniquelyMapped	27554465	0	0	0	0	0	0	72.23419769894157	0	38146011	266378	0	10325168	0	0	0
K12_ME_UniquelyMapped	11558325	0	0	0	0	0	0	76.03036735093389	0	15202248	48512	0	3595411	0	0	0
K13_ME_UniquelyMapped	21298399	0	0	0	0	0	0	69.40116628791854	0	30688820	100006	0	9290415	0	0	0
K14_ME_UniquelyMapped	18531661	0	0	0	0	0	0	65.62031184807168	0	28240739	95906	0	9613172	0	0	0
K15_ME_UniquelyMapped	20563403	0	0	0	0	0	0	68.67906557287749	0	29941297	94092	0	9283802	0	0	0
K16_ME_UniquelyMapped	21665632	0	0	0	0	0	0	72.7334180281698	0	29787727	93880	0	8028215	0	0	0
K17_ME_UniquelyMapped	25518467	0	0	0	0	0	0	80.91545675413069	0	31537197	136252	0	5882478	0	0	0
K18_ME_UniquelyMapped	25950525	0	0	0	0	0	0	81.10979521769444	0	31994317	126829	0	5916963	0	0	0
K19_ME_UniquelyMapped	29100316	0	0	0	0	0	0	79.9028150691668	0	36419638	160183	0	7159139	0	0	0
K1_ME_UniquelyMapped	31825133	0	0	0	0	0	0	83.50397153199485	0	38112119	210577	0	6076409	0	0	0
K20_ME_UniquelyMapped	19517125	0	0	0	0	0	0	74.64687819934998	0	26145936	100509	0	6528302	0	0	0
K21_ME_UniquelyMapped	22076250	0	0	0	0	0	0	63.88108807278125	0	34558350	134174	0	12347926	0	0	0
K22_ME_UniquelyMapped	17983827	0	0	0	0	0	0	59.087456684032205	0	30435947	107862	0	12344258	0	0	0
K23_ME_UniquelyMapped	14731563	0	0	0	0	0	0	61.37085442828095	0	24004168	100279	0	9172326	0	0	0
K2_ME_UniquelyMapped	24871454	0	0	0	0	0	0	75.90504068510381	0	32766538	128975	0	7766109	0	0	0
K3_ME_UniquelyMapped	28849465	0	0	0	0	0	0	80.55155186908335	0	35814909	176947	0	6788497	0	0	0
K4_ME_UniquelyMapped	19884862	0	0	0	0	0	0	77.14607136773039	0	25775599	112065	0	5778672	0	0	0
K5_ME_UniquelyMapped	18242751	0	0	0	0	0	0	76.42765246598906	0	23869307	43144	0	5583412	0	0	0
K6_ME_UniquelyMapped	16945055	0	0	0	0	0	0	75.61830538075712	0	22408668	50988	0	5412625	0	0	0
K7_ME_UniquelyMapped	19120544	0	0	0	0	0	0	86.53552743532649	0	22095600	31000	0	2944056	0	0	0
K8_ME_UniquelyMapped	20670459	0	0	0	0	0	0	73.46465740729255	0	28136603	102360	0	7363784	0	0	0
K9_ME_UniquelyMapped	29492631	0	0	0	0	0	0	75.88231566403955	0	38866277	256004	0	9117642	0	0	0
L10_ME_UniquelyMapped	28275587	0	0	0	0	0	0	76.7572248290935	0	36837688	221883	0	8340218	0	0	0
L11_ME_UniquelyMapped	28187952	0	0	0	0	0	0	78.7785624128751	0	35781247	290772	0	7302523	0	0	0
L12_ME_UniquelyMapped	14549678	0	0	0	0	0	0	75.84124132601988	0	19184388	71455	0	4563255	0	0	0
L13_ME_UniquelyMapped	20524925	0	0	0	0	0	0	67.81158927918149	0	30267577	100980	0	9641672	0	0	0
L14_ME_UniquelyMapped	23248509	0	0	0	0	0	0	68.7334631833605	0	33824149	103237	0	10472403	0	0	0
L15_ME_UniquelyMapped	16693497	0	0	0	0	0	0	67.43304077806194	0	24755664	80071	0	7982096	0	0	0
L16_ME_UniquelyMapped	21497369	0	0	0	0	0	0	74.78535021291039	0	28745428	97436	0	7150623	0	0	0
L17_ME_UniquelyMapped	24551141	0	0	0	0	0	0	79.46246705737943	0	30896525	130031	0	6215353	0	0	0
L18_ME_UniquelyMapped	28390245	0	0	0	0	0	0	75.63125512567827	0	37537715	169618	0	8977852	0	0	0
L19_ME_UniquelyMapped	21759823	0	0	0	0	0	0	78.42327497755674	0	27746639	113763	0	5873053	0	0	0
L1_ME_UniquelyMapped	4903846	0	0	0	0	0	0	69.26095505721129	0	7080246	32625	0	2143775	0	0	0
L20_ME_UniquelyMapped	22312204	0	0	0	0	0	0	76.3511283469143	0	29223149	116425	0	6794520	0	0	0
L21_ME_UniquelyMapped	18034558	0	0	0	0	0	0	67.14143482324208	0	26860549	99538	0	8726453	0	0	0
L22_ME_UniquelyMapped	19702238	0	0	0	0	0	0	68.20096090123043	0	28888505	101562	0	9084705	0	0	0
L23_ME_UniquelyMapped	17619477	0	0	0	0	0	0	63.22071149021381	0	27869786	120631	0	10129678	0	0	0
L2_ME_UniquelyMapped	22825670	0	0	0	0	0	0	80.41087571231994	0	28386297	124965	0	5435662	0	0	0
L3_ME_UniquelyMapped	27074877	0	0	0	0	0	0	79.18504516288021	0	34191907	164305	0	6952725	0	0	0
L4_ME_UniquelyMapped	15626051	0	0	0	0	0	0	73.46083113330005	0	21271269	87490	0	5557728	0	0	0
L5_ME_UniquelyMapped	16517309	0	0	0	0	0	0	79.32908645455134	0	20821252	31150	0	4272793	0	0	0
L6_ME_UniquelyMapped	16964611	0	0	0	0	0	0	82.41676165580213	0	20583933	34937	0	3584385	0	0	0
L7_ME_UniquelyMapped	12107694	0	0	0	0	0	0	50.246266045347944	0	24096704	38534	0	11950476	0	0	0
L8_ME_UniquelyMapped	22789195	0	0	0	0	0	0	74.95040896610891	0	30405698	122202	0	7494301	0	0	0
L9_ME_UniquelyMapped	21458673	0	0	0	0	0	0	75.64893775061141	0	28366126	266303	0	6641150	0	0	0
M10_ME_UniquelyMapped	28568440	0	0	0	0	0	0	75.36184829314294	0	37908359	246130	0	9093789	0	0	0
M11_ME_UniquelyMapped	27959218	0	0	0	0	0	0	77.94844982096865	0	35868857	275203	0	7634436	0	0	0
M12_ME_UniquelyMapped	10179933	0	0	0	0	0	0	71.20430636407016	0	14296794	46650	0	4070211	0	0	0
M13_ME_UniquelyMapped	21209219	0	0	0	0	0	0	66.33113220121948	0	31974758	96381	0	10669158	0	0	0
M14_ME_UniquelyMapped	24257423	0	0	0	0	0	0	71.91795773757408	0	33729299	111429	0	9360447	0	0	0
M15_ME_UniquelyMapped	23952818	0	0	0	0	0	0	64.95629077968371	0	36875286	114440	0	12808028	0	0	0
M16_ME_UniquelyMapped	21588399	0	0	0	0	0	0	75.66583070577482	0	28531239	116142	0	6826698	0	0	0
M17_ME_UniquelyMapped	21822690	0	0	0	0	0	0	80.4716977722855	0	27118466	115574	0	5180202	0	0	0
M18_ME_UniquelyMapped	27880701	0	0	0	0	0	0	74.33200456218538	0	37508340	148768	0	9478871	0	0	0
M19_ME_UniquelyMapped	30041706	0	0	0	0	0	0	83.59951616327395	0	35935263	151883	0	5741674	0	0	0
M1_ME_UniquelyMapped	28651405	0	0	0	0	0	0	76.62810763557502	0	37390203	187941	0	8550857	0	0	0
M20_ME_UniquelyMapped	22362709	0	0	0	0	0	0	69.20999827150709	0	32311385	102726	0	9845950	0	0	0
M21_ME_UniquelyMapped	18619002	0	0	0	0	0	0	67.08780029795498	0	27753186	113866	0	9020318	0	0	0
M22_ME_UniquelyMapped	21567087	0	0	0	0	0	0	64.63152939661869	0	33369297	136582	0	11665628	0	0	0
M23_ME_UniquelyMapped	19934234	0	0	0	0	0	0	63.94154347569756	0	31175716	118224	0	11123258	0	0	0
M2_ME_UniquelyMapped	28647103	0	0	0	0	0	0	81.72958721956641	0	35051080	164942	0	6239035	0	0	0
M3_ME_UniquelyMapped	25623432	0	0	0	0	0	0	83.03509999091013	0	30858555	127848	0	5107275	0	0	0
M4_ME_UniquelyMapped	17917824	0	0	0	0	0	0	74.50018111729915	0	24050712	86622	0	6046266	0	0	0
M5_ME_UniquelyMapped	21369825	0	0	0	0	0	0	82.16052105806394	0	26009846	50460	0	4589561	0	0	0
M6_ME_UniquelyMapped	22762699	0	0	0	0	0	0	85.45950852192328	0	26635654	37027	0	3835928	0	0	0
M7_ME_UniquelyMapped	5414044	0	0	0	0	0	0	54.15644864621982	0	9997044	16687	0	4566313	0	0	0
M8_ME_UniquelyMapped	23255272	0	0	0	0	0	0	80.94385945066372	0	28730125	106948	0	5367905	0	0	0
M9_ME_UniquelyMapped	27548573	0	0	0	0	0	0	77.7640247979315	0	35425858	220911	0	7656374	0	0	0
N10_ME_UniquelyMapped	26818779	0	0	0	0	0	0	78.61867039222389	0	34112481	183149	0	7110553	0	0	0
N11_ME_UniquelyMapped	29964460	0	0	0	0	0	0	75.02436551878613	0	39939638	283151	0	9692027	0	0	0
N12_ME_UniquelyMapped	6742656	0	0	0	0	0	0	77.93393227897356	0	8651759	31843	0	1877260	0	0	0
N13_ME_UniquelyMapped	17305672	0	0	0	0	0	0	58.83848800919538	0	29412163	84974	0	12021517	0	0	0
N14_ME_UniquelyMapped	18911092	0	0	0	0	0	0	63.59785981850199	0	29735422	90368	0	10733962	0	0	0
N15_ME_UniquelyMapped	14879896	0	0	0	0	0	0	63.60263667257061	0	23395093	73325	0	8441872	0	0	0
N16_ME_UniquelyMapped	21691844	0	0	0	0	0	0	76.77209184856578	0	28254856	102747	0	6460265	0	0	0
N17_ME_UniquelyMapped	23607757	0	0	0	0	0	0	79.15087549990321	0	29826274	125371	0	6093146	0	0	0
N18_ME_UniquelyMapped	25701927	0	0	0	0	0	0	78.46944099355747	0	32754059	125174	0	6926958	0	0	0
N19_ME_UniquelyMapped	24586146	0	0	0	0	0	0	79.86630902347824	0	30784127	126612	0	6071369	0	0	0
N1_ME_UniquelyMapped	16514618	0	0	0	0	0	0	75.42439592407459	0	21895592	105645	0	5275329	0	0	0
N21_ME_UniquelyMapped	23633931	0	0	0	0	0	0	67.10373755905454	0	35219992	173392	0	11412669	0	0	0
N22_ME_UniquelyMapped	20599201	0	0	0	0	0	0	64.85049790586157	0	31764137	115926	0	11049010	0	0	0
N23_ME_UniquelyMapped	18926539	0	0	0	0	0	0	66.95325991819949	0	28268286	105112	0	9236635	0	0	0
N2_ME_UniquelyMapped	22681556	0	0	0	0	0	0	77.30577192169544	0	29340055	134960	0	6523539	0	0	0
N3_ME_UniquelyMapped	20274486	0	0	0	0	0	0	86.68017500818299	0	23389992	95844	0	3019662	0	0	0
N4_ME_UniquelyMapped	7544514	0	0	0	0	0	0	78.61046915082721	0	9597340	35568	0	2017258	0	0	0
N5_ME_UniquelyMapped	14114441	0	0	0	0	0	0	64.77107142845671	0	21791273	44890	0	7631942	0	0	0
N6_ME_UniquelyMapped	11662094	0	0	0	0	0	0	58.575221213602305	0	19909603	37953	0	8209556	0	0	0
N7_ME_UniquelyMapped	15754434	0	0	0	0	0	0	71.89268361733903	0	21913821	44444	0	6114943	0	0	0
N8_ME_UniquelyMapped	20097433	0	0	0	0	0	0	74.59258708850439	0	26942936	94920	0	6750583	0	0	0
N9_ME_UniquelyMapped	23698296	0	0	0	0	0	0	76.57401696853593	0	30948221	233962	0	7015963	0	0	0
O10_ME_UniquelyMapped	26187769	0	0	0	0	0	0	76.16599377095817	0	34382495	230733	0	7963993	0	0	0
O11_ME_UniquelyMapped	27400138	0	0	0	0	0	0	72.30759856406277	0	37893857	296226	0	10197493	0	0	0
O12_ME_UniquelyMapped	11178307	0	0	0	0	0	0	75.9424231204291	0	14719450	56944	0	3484199	0	0	0
O13_ME_UniquelyMapped	22875994	0	0	0	0	0	0	67.27620920165623	0	34003096	113680	0	11013422	0	0	0
O14_ME_UniquelyMapped	22690449	0	0	0	0	0	0	73.49569373638623	0	30873168	107571	0	8075148	0	0	0
O15_ME_UniquelyMapped	23065847	0	0	0	0	0	0	69.0743910312061	0	33392762	99894	0	10227021	0	0	0
O16_ME_UniquelyMapped	27164729	0	0	0	0	0	0	76.21058345934694	0	35644300	116443	0	8363128	0	0	0
O17_ME_UniquelyMapped	28025108	0	0	0	0	0	0	82.60384471739617	0	33927123	132305	0	5769710	0	0	0
O18_ME_UniquelyMapped	26131110	0	0	0	0	0	0	78.70010774198472	0	33203398	124044	0	6948244	0	0	0
O19_ME_UniquelyMapped	26110881	0	0	0	0	0	0	76.03623465894779	0	34340050	139408	0	8089761	0	0	0
O1_ME_UniquelyMapped	30412141	0	0	0	0	0	0	72.15626290182853	0	42147611	177387	0	11558083	0	0	0
O21_ME_UniquelyMapped	24081004	0	0	0	0	0	0	66.94256714541858	0	35972633	136601	0	11755028	0	0	0
O22_ME_UniquelyMapped	26986657	0	0	0	0	0	0	64.84348054875096	0	41618150	152895	0	14478598	0	0	0
O23_ME_UniquelyMapped	22522486	0	0	0	0	0	0	64.15566182862365	0	35105999	130972	0	12452541	0	0	0
O2_ME_UniquelyMapped	31499486	0	0	0	0	0	0	77.62834966557777	0	40577297	182915	0	8894896	0	0	0
O3_ME_UniquelyMapped	8307657	0	0	0	0	0	0	61.930989271362414	0	13414378	68978	0	5037743	0	0	0
O4_ME_UniquelyMapped	18751227	0	0	0	0	0	0	74.8799004989111	0	25041736	81529	0	6208980	0	0	0
O5_ME_UniquelyMapped	17676875	0	0	0	0	0	0	74.29258372201289	0	23793593	53993	0	6062725	0	0	0
O6_ME_UniquelyMapped	20630228	0	0	0	0	0	0	83.05912181993368	0	24838004	44148	0	4163628	0	0	0
O7_ME_UniquelyMapped	18028336	0	0	0	0	0	0	70.2627414320845	0	25658458	47720	0	7582402	0	0	0
O8_ME_UniquelyMapped	18876017	0	0	0	0	0	0	73.85185720469094	0	25559299	95878	0	6587404	0	0	0
O9_ME_UniquelyMapped	28051938	0	0	0	0	0	0	77.75486192785418	0	36077407	238721	0	7786748	0	0	0
P10_ME_UniquelyMapped	27526089	0	0	0	0	0	0	72.01740625202521	0	38221439	301997	0	10393353	0	0	0
P11_ME_UniquelyMapped	29783738	0	0	0	0	0	0	78.81587682852114	0	37789008	246734	0	7758536	0	0	0
P12_ME_UniquelyMapped	19134114	0	0	0	0	0	0	70.65431994643686	0	27081308	92923	0	7854271	0	0	0
P13_ME_UniquelyMapped	20338442	0	0	0	0	0	0	66.74070617798182	0	30473819	97197	0	10038180	0	0	0
P14_ME_UniquelyMapped	19962542	0	0	0	0	0	0	64.03048617744687	0	31176621	96176	0	11117903	0	0	0
P15_ME_UniquelyMapped	20606643	0	0	0	0	0	0	72.41447181570933	0	28456526	96164	0	7753719	0	0	0
P16_ME_UniquelyMapped	19835416	0	0	0	0	0	0	76.26272428498707	0	26009320	81847	0	6092057	0	0	0
P17_ME_UniquelyMapped	29821073	0	0	0	0	0	0	78.58666364840084	0	37946735	166360	0	7959302	0	0	0
P18_ME_UniquelyMapped	25966519	0	0	0	0	0	0	78.4200496906085	0	33112092	147871	0	6997702	0	0	0
P19_ME_UniquelyMapped	26482338	0	0	0	0	0	0	81.21910024849072	0	32606047	142482	0	5981227	0	0	0
P21_ME_UniquelyMapped	22912239	0	0	0	0	0	0	70.10823672310812	0	32681237	126799	0	9642199	0	0	0
P22_ME_UniquelyMapped	20338988	0	0	0	0	0	0	66.49327644006708	0	30588037	119487	0	10129562	0	0	0
P23_ME_UniquelyMapped	22436642	0	0	0	0	0	0	64.35196108108431	0	34865514	127838	0	12301034	0	0	0
P2_ME_UniquelyMapped	12096282	0	0	0	0	0	0	78.20080031119262	0	15468233	80138	0	3291813	0	0	0
P3_ME_UniquelyMapped	26178757	0	0	0	0	0	0	85.87468818512549	0	30484835	128832	0	4177246	0	0	0
P4_ME_UniquelyMapped	22088483	0	0	0	0	0	0	76.25777699769395	0	28965548	100091	0	6776974	0	0	0
P5_ME_UniquelyMapped	10678759	0	0	0	0	0	0	59.158094670820624	0	18051222	29474	0	7342989	0	0	0
P6_ME_UniquelyMapped	17979221	0	0	0	0	0	0	68.25203112685607	0	26342397	62234	0	8300942	0	0	0
P7_ME_UniquelyMapped	11400028	0	0	0	0	0	0	65.77242163365025	0	17332535	27597	0	5904910	0	0	0
P8_ME_UniquelyMapped	29469600	0	0	0	0	0	0	76.46792382643108	0	38538512	137100	0	8931812	0	0	0
P9_ME_UniquelyMapped	20080841	0	0	0	0	0	0	76.40934424312617	0	26280609	221174	0	5978594	0	0	0
