Sample	Unassigned_NoFeatures	Unassigned_Chimera	Unassigned_Ambiguity	Unassigned_Secondary	Unassigned_FragmentLength	Total	Unassigned_Unmapped	Unassigned_Read_Type	Unassigned_MultiMapping	Unassigned_NonSplit	Assigned	percent_assigned	Unassigned_Overlapping_Length	Unassigned_Duplicate	Unassigned_Singleton	Unassigned_MappingQuality
A10_CKDL240007483-1A_22553JLT4_L7_UniquelyMapped	3729082	0	85663	0	0	17168054	0	0	0	0	13353309	77.77998018878553	0	0	0	0
A11_CKDL240007483-1A_22553JLT4_L7_UniquelyMapped	4338444	0	83743	0	0	16365020	0	0	0	0	11942833	72.97780876528107	0	0	0	0
A12_CKDL240007483-1A_22553JLT4_L7_UniquelyMapped	4015606	0	91292	0	0	18307061	0	0	0	0	14200163	77.56659028994332	0	0	0	0
A13_CKDL240007483-1A_22553JLT4_L7_UniquelyMapped	4250138	0	81203	0	0	19024552	0	0	0	0	14693211	77.23288832241622	0	0	0	0
A14_CKDL240007483-1A_22553JLT4_L7_UniquelyMapped	4607743	0	89036	0	0	19174568	0	0	0	0	14477789	75.50516392338018	0	0	0	0
A15_CKDL240007483-1A_22553JLT4_L7_UniquelyMapped	2316208	0	55058	0	0	15018172	0	0	0	0	12646906	84.21068822490514	0	0	0	0
A16_CKDL240007483-1A_22553JLT4_L7_UniquelyMapped	3426364	0	111076	0	0	16474154	0	0	0	0	12936714	78.52733439301345	0	0	0	0
A17_CKDL240007483-1A_22553JLT4_L7_UniquelyMapped	4253510	0	108128	0	0	19588479	0	0	0	0	15226841	77.73365660498705	0	0	0	0
A18_CKDL240007483-1A_22553JLT4_L7_UniquelyMapped	5399423	0	151329	0	0	19155965	0	0	0	0	13605213	71.02337574744995	0	0	0	0
A19_CKDL240007483-1A_22553JLT4_L7_UniquelyMapped	2634405	0	63736	0	0	10429925	0	0	0	0	7731784	74.1307727524407	0	0	0	0
A1_CKDL240007483-1A_22553JLT4_L7_UniquelyMapped	3948919	0	91450	0	0	25318677	0	0	0	0	21278308	84.04194263389039	0	0	0	0
A20_CKDL240007483-1A_22553JLT4_L7_UniquelyMapped	4558822	0	127756	0	0	19998786	0	0	0	0	15312208	76.5656875372335	0	0	0	0
A21_CKDL240007483-1A_22553JLT4_L7_UniquelyMapped	2924954	0	103585	0	0	17988250	0	0	0	0	14959711	83.16379303156228	0	0	0	0
A23_CKDL240007483-1A_22553JLT4_L7_UniquelyMapped	2942378	0	91582	0	0	20550718	0	0	0	0	17516758	85.23672019634544	0	0	0	0
A24_CKDL240007483-1A_22553JLT4_L7_UniquelyMapped	2585408	0	82188	0	0	15179628	0	0	0	0	12512032	82.42647316521854	0	0	0	0
A2_CKDL240007483-1A_22553JLT4_L7_UniquelyMapped	3297793	0	71155	0	0	20359444	0	0	0	0	16990496	83.45265224335203	0	0	0	0
A3_CKDL240007483-1A_22553JLT4_L7_UniquelyMapped	3421323	0	78325	0	0	23283636	0	0	0	0	19783988	84.96949531421983	0	0	0	0
A4_CKDL240007483-1A_22553JLT4_L7_UniquelyMapped	2964816	0	65928	0	0	18528374	0	0	0	0	15497630	83.64268769617884	0	0	0	0
A5_CKDL240007483-1A_22553JLT4_L7_UniquelyMapped	2912565	0	69649	0	0	18691831	0	0	0	0	15709617	84.04536184817849	0	0	0	0
A6_CKDL240007483-1A_22553JLT4_L7_UniquelyMapped	2019591	0	89991	0	0	24081438	0	0	0	0	21971856	91.2398005467946	0	0	0	0
A7_CKDL240007483-1A_22553JLT4_L7_UniquelyMapped	1435418	0	59716	0	0	16380735	0	0	0	0	14885601	90.87260736468785	0	0	0	0
A8_CKDL240007483-1A_22553JLT4_L7_UniquelyMapped	2340881	0	64093	0	0	18023986	0	0	0	0	15619012	86.65681387013949	0	0	0	0
A9_CKDL240007483-1A_22553JLT4_L7_UniquelyMapped	5352396	0	97683	0	0	20520612	0	0	0	0	15070533	73.44095293064359	0	0	0	0
B10_CKDL240007483-1A_22553JLT4_L7_UniquelyMapped	3673549	0	85888	0	0	18573574	0	0	0	0	14814137	79.75921596995818	0	0	0	0
B11_CKDL240007483-1A_22553JLT4_L7_UniquelyMapped	3285572	0	71137	0	0	15645519	0	0	0	0	12288810	78.54523713786676	0	0	0	0
B12_CKDL240007483-1A_22553JLT4_L7_UniquelyMapped	2988453	0	56975	0	0	11666888	0	0	0	0	8621460	73.89682664306025	0	0	0	0
B13_CKDL240007483-1A_22553JLT4_L7_UniquelyMapped	3817563	0	107061	0	0	21340489	0	0	0	0	17415865	81.60949357814621	0	0	0	0
B14_CKDL240007483-1A_22553JLT4_L7_UniquelyMapped	2644302	0	63964	0	0	16942877	0	0	0	0	14234611	84.01531215743347	0	0	0	0
B15_CKDL240007483-1A_22553JLT4_L7_UniquelyMapped	4450630	0	103088	0	0	19627296	0	0	0	0	15073578	76.79905576397279	0	0	0	0
B16_CKDL240007483-1A_22553JLT4_L7_UniquelyMapped	1824494	0	80676	0	0	15234172	0	0	0	0	13329002	87.49410207525555	0	0	0	0
B17_CKDL240007483-1A_22553JLT4_L7_UniquelyMapped	3142987	0	92331	0	0	15919201	0	0	0	0	12683883	79.67663075552598	0	0	0	0
B18_CKDL240007483-1A_22553JLT4_L7_UniquelyMapped	3305325	0	93425	0	0	16436219	0	0	0	0	13037469	79.3215824150311	0	0	0	0
B19_CKDL240007483-1A_22553JLT4_L7_UniquelyMapped	3293843	0	106788	0	0	15642100	0	0	0	0	12241469	78.25975412508551	0	0	0	0
B1_CKDL240007483-1A_22553JLT4_L7_UniquelyMapped	3177008	0	64071	0	0	18300137	0	0	0	0	15059058	82.28931838051267	0	0	0	0
B20_CKDL240007483-1A_22553JLT4_L7_UniquelyMapped	2522080	0	90512	0	0	14096911	0	0	0	0	11484319	81.46691853271969	0	0	0	0
B21_CKDL240007483-1A_22553JLT4_L7_UniquelyMapped	2231429	0	65641	0	0	14498273	0	0	0	0	12201203	84.15625088588138	0	0	0	0
B22_CKDL240007483-1A_22553JLT4_L7_UniquelyMapped	2485090	0	88521	0	0	15942860	0	0	0	0	13369249	83.85728156679542	0	0	0	0
B23_CKDL240007483-1A_22553JLT4_L7_UniquelyMapped	2092018	0	90420	0	0	15209069	0	0	0	0	13026631	85.65041686641042	0	0	0	0
B24_CKDL240007483-1A_22553JLT4_L7_UniquelyMapped	2423808	0	74656	0	0	18003423	0	0	0	0	15504959	86.12228352352773	0	0	0	0
B2_CKDL240007483-1A_22553JLT4_L7_UniquelyMapped	3394678	0	67170	0	0	18827053	0	0	0	0	15365205	81.61237449111127	0	0	0	0
B3_CKDL240007483-1A_22553JLT4_L7_UniquelyMapped	2778824	0	67982	0	0	19251985	0	0	0	0	16405179	85.21292219997055	0	0	0	0
B4_CKDL240007483-1A_22553JLT4_L7_UniquelyMapped	3178290	0	69642	0	0	18950542	0	0	0	0	15702610	82.86100735271846	0	0	0	0
B5_CKDL240007483-1A_22553JLT4_L7_UniquelyMapped	1426045	0	63322	0	0	18327425	0	0	0	0	16838058	91.87356107036312	0	0	0	0
B6_CKDL240007483-1A_22553JLT4_L7_UniquelyMapped	1015859	0	45766	0	0	14698427	0	0	0	0	13636802	92.77728834520865	0	0	0	0
B7_CKDL240007483-1A_22553JLT4_L7_UniquelyMapped	2644145	0	68922	0	0	19136630	0	0	0	0	16423563	85.82265006952635	0	0	0	0
B8_CKDL240007483-1A_22553JLT4_L7_UniquelyMapped	813295	0	44776	0	0	14484297	0	0	0	0	13626226	94.07585331894258	0	0	0	0
B9_CKDL240007483-1A_22553JLT4_L7_UniquelyMapped	4312753	0	88248	0	0	18943495	0	0	0	0	14542494	76.76774533949516	0	0	0	0
C10_CKDL240007483-1A_22553JLT4_L7_UniquelyMapped	1743287	0	47479	0	0	10561926	0	0	0	0	8771160	83.04508098238901	0	0	0	0
C11_CKDL240007483-1A_22553JLT4_L7_UniquelyMapped	3690486	0	79288	0	0	15676763	0	0	0	0	11906989	75.95310970766094	0	0	0	0
C12_CKDL240007483-1A_22553JLT4_L7_UniquelyMapped	4584463	0	91473	0	0	18788442	0	0	0	0	14112506	75.11269960542764	0	0	0	0
C13_CKDL240007483-1A_22553JLT4_L7_UniquelyMapped	4654125	0	84462	0	0	17689283	0	0	0	0	12950696	73.21210249166118	0	0	0	0
C14_CKDL240007483-1A_22553JLT4_L7_UniquelyMapped	3344016	0	101929	0	0	25965184	0	0	0	0	22519239	86.72859395103843	0	0	0	0
C15_CKDL240007483-1A_22553JLT4_L7_UniquelyMapped	2450135	0	78109	0	0	16019762	0	0	0	0	13491518	84.21796778254259	0	0	0	0
C16_CKDL240007483-1A_22553JLT4_L7_UniquelyMapped	2271662	0	63563	0	0	16525174	0	0	0	0	14189949	85.86868132220575	0	0	0	0
C17_CKDL240007483-1A_22553JLT4_L7_UniquelyMapped	3276633	0	95304	0	0	13721684	0	0	0	0	10349747	75.42621590761017	0	0	0	0
C18_CKDL240007483-1A_22553JLT4_L7_UniquelyMapped	3726052	0	124847	0	0	19333472	0	0	0	0	15482573	80.0816997588431	0	0	0	0
C19_CKDL240007483-1A_22553JLT4_L7_UniquelyMapped	4616737	0	109623	0	0	15605990	0	0	0	0	10879630	69.71444938770306	0	0	0	0
C1_CKDL240007483-1A_22553JLT4_L7_UniquelyMapped	3980466	0	95417	0	0	25836940	0	0	0	0	21761057	84.22459083776948	0	0	0	0
C20_CKDL240007483-1A_22553JLT4_L7_UniquelyMapped	3746711	0	74368	0	0	9865560	0	0	0	0	6044481	61.26850376461144	0	0	0	0
C21_CKDL240007483-1A_22553JLT4_L7_UniquelyMapped	1963358	0	72740	0	0	12858110	0	0	0	0	10822012	84.16487337563608	0	0	0	0
C23_CKDL240007483-1A_22553JLT4_L7_UniquelyMapped	2214536	0	70583	0	0	15904403	0	0	0	0	13619284	85.63216110658162	0	0	0	0
C24_CKDL240007483-1A_22553JLT4_L7_UniquelyMapped	2206489	0	82306	0	0	15002834	0	0	0	0	12714039	84.74424898655813	0	0	0	0
C2_CKDL240007483-1A_22553JLT4_L7_UniquelyMapped	2116958	0	51621	0	0	14104184	0	0	0	0	11935605	84.62456956035173	0	0	0	0
C3_CKDL240007483-1A_22553JLT4_L7_UniquelyMapped	1986441	0	47598	0	0	13793843	0	0	0	0	11759804	85.25400789323179	0	0	0	0
C4_CKDL240007483-1A_22553JLT4_L7_UniquelyMapped	1851966	0	41122	0	0	12341529	0	0	0	0	10448441	84.66083092297559	0	0	0	0
C5_CKDL240007483-1A_22553JLT4_L7_UniquelyMapped	2390639	0	70150	0	0	18847582	0	0	0	0	16386793	86.94374164282718	0	0	0	0
C6_CKDL240007483-1A_22553JLT4_L7_UniquelyMapped	1408490	0	55415	0	0	13984090	0	0	0	0	12520185	89.53163916994241	0	0	0	0
C7_CKDL240007483-1A_22553JLT4_L7_UniquelyMapped	2565539	0	65096	0	0	18567050	0	0	0	0	15936415	85.83170185893827	0	0	0	0
C8_CKDL240007483-1A_22553JLT4_L7_UniquelyMapped	1948247	0	61324	0	0	17157623	0	0	0	0	15148052	88.28759088598694	0	0	0	0
C9_CKDL240007483-1A_22553JLT4_L7_UniquelyMapped	3998436	0	97262	0	0	20678086	0	0	0	0	16582388	80.1930507494746	0	0	0	0
D10_CKDL240007483-1A_22553JLT4_L7_UniquelyMapped	3110341	0	78711	0	0	16232268	0	0	0	0	13043216	80.35362649261334	0	0	0	0
D11_CKDL240007483-1A_22553JLT4_L7_UniquelyMapped	4582838	0	95307	0	0	19039629	0	0	0	0	14361484	75.42943194954061	0	0	0	0
D12_CKDL240007483-1A_22553JLT4_L7_UniquelyMapped	2801723	0	68221	0	0	13607920	0	0	0	0	10737976	78.90975255586451	0	0	0	0
D13_CKDL240007483-1A_22553JLT4_L7_UniquelyMapped	2695622	0	74901	0	0	15491564	0	0	0	0	12721041	82.11592451220548	0	0	0	0
D14_CKDL240007483-1A_22553JLT4_L7_UniquelyMapped	4161811	0	73636	0	0	16732441	0	0	0	0	12496994	74.68721389784073	0	0	0	0
D15_CKDL240007483-1A_22553JLT4_L7_UniquelyMapped	2561126	0	58482	0	0	12919440	0	0	0	0	10299832	79.72351742799998	0	0	0	0
D16_CKDL240007483-1A_22553JLT4_L7_UniquelyMapped	2727945	0	103658	0	0	14329944	0	0	0	0	11498341	80.23995767185134	0	0	0	0
D17_CKDL240007483-1A_22553JLT4_L7_UniquelyMapped	3862223	0	93708	0	0	14856808	0	0	0	0	10900877	73.3729412132135	0	0	0	0
D18_CKDL240007483-1A_22553JLT4_L7_UniquelyMapped	3323921	0	70420	0	0	14047665	0	0	0	0	10653324	75.83697361803546	0	0	0	0
D19_CKDL240007483-1A_22553JLT4_L7_UniquelyMapped	4693721	0	98717	0	0	13364009	0	0	0	0	8571571	64.13921900232184	0	0	0	0
D1_CKDL240007483-1A_22553JLT4_L7_UniquelyMapped	3267874	0	75054	0	0	21860516	0	0	0	0	18517588	84.70791814795223	0	0	0	0
D20_CKDL240007483-1A_22553JLT4_L7_UniquelyMapped	2689127	0	80963	0	0	11914060	0	0	0	0	9143970	76.74940364577651	0	0	0	0
D21_CKDL240007483-1A_22553JLT4_L7_UniquelyMapped	2845910	0	77084	0	0	16705704	0	0	0	0	13782710	82.50301813081329	0	0	0	0
D23_CKDL240007483-1A_22553JLT4_L7_UniquelyMapped	2494725	0	86592	0	0	15802039	0	0	0	0	13220722	83.66465871904254	0	0	0	0
D24_CKDL240007483-1A_22553JLT4_L7_UniquelyMapped	2607779	0	97869	0	0	17066028	0	0	0	0	14360380	84.1460004636111	0	0	0	0
D2_CKDL240007483-1A_22553JLT4_L7_UniquelyMapped	2062495	0	45187	0	0	12857643	0	0	0	0	10749961	83.60755544387101	0	0	0	0
D3_CKDL240007483-1A_22553JLT4_L7_UniquelyMapped	2949657	0	63491	0	0	18345717	0	0	0	0	15332569	83.5757414114695	0	0	0	0
D4_CKDL240007483-1A_22553JLT4_L7_UniquelyMapped	2767885	0	64961	0	0	18839578	0	0	0	0	16006732	84.96332561164587	0	0	0	0
D5_CKDL240007483-1A_22553JLT4_L7_UniquelyMapped	2525090	0	67989	0	0	19246064	0	0	0	0	16652985	86.52670488885416	0	0	0	0
D6_CKDL240007483-1A_22553JLT4_L7_UniquelyMapped	2048746	0	57192	0	0	16457237	0	0	0	0	14351299	87.20357493788296	0	0	0	0
D7_CKDL240007483-1A_22553JLT4_L7_UniquelyMapped	1568669	0	56821	0	0	15575368	0	0	0	0	13949878	89.56371367918882	0	0	0	0
D8_CKDL240007483-1A_22553JLT4_L7_UniquelyMapped	1601798	0	42342	0	0	11308492	0	0	0	0	9664352	85.46101460742953	0	0	0	0
D9_CKDL240007483-1A_22553JLT4_L7_UniquelyMapped	5450971	0	108468	0	0	21330564	0	0	0	0	15771125	73.93674635138574	0	0	0	0
E10_CKDL240007483-1A_22553JLT4_L7_UniquelyMapped	4100730	0	88267	0	0	19711997	0	0	0	0	15523000	78.74899737454302	0	0	0	0
E11_CKDL240007483-1A_22553JLT4_L7_UniquelyMapped	2722490	0	69465	0	0	15256649	0	0	0	0	12464694	81.70007712702836	0	0	0	0
E12_CKDL240007483-1A_22553JLT4_L7_UniquelyMapped	3929718	0	96799	0	0	19925280	0	0	0	0	15898763	79.79191760416917	0	0	0	0
E13_CKDL240007483-1A_22553JLT4_L7_UniquelyMapped	3817583	0	66093	0	0	16666108	0	0	0	0	12782432	76.69716288890004	0	0	0	0
E14_CKDL240007483-1A_22553JLT4_L7_UniquelyMapped	2845253	0	87837	0	0	17279582	0	0	0	0	14346492	83.02568893159568	0	0	0	0
E15_CKDL240007483-1A_22553JLT4_L7_UniquelyMapped	3953721	0	60692	0	0	14200008	0	0	0	0	10185595	71.72950184253418	0	0	0	0
E16_CKDL240007483-1A_22553JLT4_L7_UniquelyMapped	2815815	0	64987	0	0	14765827	0	0	0	0	11885025	80.49007346489974	0	0	0	0
E17_CKDL240007483-1A_22553JLT4_L7_UniquelyMapped	4089981	0	113366	0	0	14252651	0	0	0	0	10049304	70.50831455846355	0	0	0	0
E18_CKDL240007483-1A_22553JLT4_L7_UniquelyMapped	3704495	0	101769	0	0	17359634	0	0	0	0	13553370	78.07405386542136	0	0	0	0
E19_CKDL240007483-1A_22553JLT4_L7_UniquelyMapped	4314177	0	108921	0	0	13720437	0	0	0	0	9297339	67.76270318503703	0	0	0	0
E1_CKDL240007483-1A_22553JLT4_L7_UniquelyMapped	3200095	0	68916	0	0	18982812	0	0	0	0	15713801	82.77910037775226	0	0	0	0
E20_CKDL240007483-1A_22553JLT4_L7_UniquelyMapped	2293471	0	73893	0	0	12172682	0	0	0	0	9805318	80.55182908745994	0	0	0	0
E21_CKDL240007483-1A_22553JLT4_L7_UniquelyMapped	2738752	0	94528	0	0	16700940	0	0	0	0	13867660	83.03520640155584	0	0	0	0
E23_CKDL240007483-1A_22553JLT4_L7_UniquelyMapped	3726284	0	141098	0	0	25631492	0	0	0	0	21764110	84.91160015187566	0	0	0	0
E24_CKDL240007483-1A_22553JLT4_L7_UniquelyMapped	1712728	0	63584	0	0	11338378	0	0	0	0	9562066	84.33363220030236	0	0	0	0
E2_CKDL240007483-1A_22553JLT4_L7_UniquelyMapped	2121362	0	46995	0	0	13253662	0	0	0	0	11085305	83.63956316375052	0	0	0	0
E3_CKDL240007483-1A_22553JLT4_L7_UniquelyMapped	2561766	0	57567	0	0	17803376	0	0	0	0	15184043	85.28743649519058	0	0	0	0
E4_CKDL240007483-1A_22553JLT4_L7_UniquelyMapped	3423123	0	68382	0	0	20562387	0	0	0	0	17070882	83.0199431612682	0	0	0	0
E5_CKDL240007483-1A_22553JLT4_L7_UniquelyMapped	2473952	0	76574	0	0	18105732	0	0	0	0	15555206	85.91315722556813	0	0	0	0
E6_CKDL240007483-1A_22553JLT4_L7_UniquelyMapped	1564449	0	65642	0	0	16634400	0	0	0	0	15004309	90.20048213341029	0	0	0	0
E7_CKDL240007483-1A_22553JLT4_L7_UniquelyMapped	2171410	0	50003	0	0	12303404	0	0	0	0	10081991	81.94472846701612	0	0	0	0
E8_CKDL240007483-1A_22553JLT4_L7_UniquelyMapped	1550985	0	60980	0	0	13516510	0	0	0	0	11904545	88.07410344830137	0	0	0	0
E9_CKDL240007483-1A_22553JLT4_L7_UniquelyMapped	3150647	0	69648	0	0	13375513	0	0	0	0	10155218	75.9239514775994	0	0	0	0
F10_CKDL240007483-1A_22553JLT4_L7_UniquelyMapped	3361144	0	77548	0	0	16547931	0	0	0	0	13109239	79.21980699581114	0	0	0	0
F11_CKDL240007483-1A_22553JLT4_L7_UniquelyMapped	2673358	0	62657	0	0	12368933	0	0	0	0	9632918	77.87994324166846	0	0	0	0
F12_CKDL240007483-1A_22553JLT4_L7_UniquelyMapped	2524281	0	58594	0	0	12586541	0	0	0	0	10003666	79.47907212950722	0	0	0	0
F13_CKDL240007483-1A_22553JLT4_L7_UniquelyMapped	4213208	0	92788	0	0	19663908	0	0	0	0	15357912	78.10203343099448	0	0	0	0
F14_CKDL240007483-1A_22553JLT4_L7_UniquelyMapped	2580171	0	66721	0	0	13468801	0	0	0	0	10821909	80.3479760373622	0	0	0	0
F15_CKDL240007483-1A_22553JLT4_L7_UniquelyMapped	5196830	0	96094	0	0	20341040	0	0	0	0	15048116	73.97908858150812	0	0	0	0
F16_CKDL240007483-1A_22553JLT4_L7_UniquelyMapped	1214664	0	37367	0	0	9221090	0	0	0	0	7969059	86.42209326663118	0	0	0	0
F17_CKDL240007483-1A_22553JLT4_L7_UniquelyMapped	3956851	0	118809	0	0	18635931	0	0	0	0	14560271	78.1300971762559	0	0	0	0
F18_CKDL240007483-1A_22553JLT4_L7_UniquelyMapped	3244268	0	85183	0	0	16095031	0	0	0	0	12765580	79.31379566774368	0	0	0	0
F19_CKDL240007483-1A_22553JLT4_L7_UniquelyMapped	3401044	0	84243	0	0	15200116	0	0	0	0	11714829	77.07065525026256	0	0	0	0
F1_CKDL240007483-1A_22553JLT4_L7_UniquelyMapped	2606494	0	59026	0	0	16218242	0	0	0	0	13552722	83.56467982164774	0	0	0	0
F20_CKDL240007483-1A_22553JLT4_L7_UniquelyMapped	2168025	0	58662	0	0	12081531	0	0	0	0	9854844	81.56949644875307	0	0	0	0
F23_CKDL240007483-1A_22553JLT4_L7_UniquelyMapped	3597846	0	144969	0	0	25683882	0	0	0	0	21941067	85.42737815101316	0	0	0	0
F24_CKDL240007483-1A_22553JLT4_L7_UniquelyMapped	2077544	0	65316	0	0	14979583	0	0	0	0	12836723	85.69479537581253	0	0	0	0
F2_CKDL240007483-1A_22553JLT4_L7_UniquelyMapped	2102643	0	45851	0	0	12228692	0	0	0	0	10080198	82.43071294951251	0	0	0	0
F3_CKDL240007483-1A_22553JLT4_L7_UniquelyMapped	2978831	0	62934	0	0	17436874	0	0	0	0	14395109	82.5555601307895	0	0	0	0
F4_CKDL240007483-1A_22553JLT4_L7_UniquelyMapped	2125837	0	45151	0	0	13303484	0	0	0	0	11132496	83.68105678181746	0	0	0	0
F5_CKDL240007483-1A_22553JLT4_L7_UniquelyMapped	2004016	0	50339	0	0	13054021	0	0	0	0	10999666	84.26266512057855	0	0	0	0
F6_CKDL240007483-1A_22553JLT4_L7_UniquelyMapped	2013623	0	70870	0	0	14927111	0	0	0	0	12842618	86.03552288182222	0	0	0	0
F7_CKDL240007483-1A_22553JLT4_L7_UniquelyMapped	1975621	0	49137	0	0	14013894	0	0	0	0	11989136	85.55178168180807	0	0	0	0
F8_CKDL240007483-1A_22553JLT4_L7_UniquelyMapped	2068087	0	54697	0	0	13690471	0	0	0	0	11567687	84.49444142571866	0	0	0	0
F9_CKDL240007483-1A_22553JLT4_L7_UniquelyMapped	3808637	0	95997	0	0	20856329	0	0	0	0	16951695	81.27842152854416	0	0	0	0
G10_CKDL240007483-1A_22553JLT4_L7_UniquelyMapped	3574846	0	88168	0	0	17762813	0	0	0	0	14099799	79.37818745262926	0	0	0	0
G11_CKDL240007483-1A_22553JLT4_L7_UniquelyMapped	3182277	0	64961	0	0	13965438	0	0	0	0	10718200	76.74804041233794	0	0	0	0
G12_CKDL240007483-1A_22553JLT4_L7_UniquelyMapped	3649313	0	84836	0	0	18051135	0	0	0	0	14316986	79.31349469160803	0	0	0	0
G13_CKDL240007483-1A_22553JLT4_L7_UniquelyMapped	2157632	0	61899	0	0	13862484	0	0	0	0	11642953	83.98893733619458	0	0	0	0
G14_CKDL240007483-1A_22553JLT4_L7_UniquelyMapped	3664895	0	78823	0	0	19123836	0	0	0	0	15380118	80.42381246105646	0	0	0	0
G15_CKDL240007483-1A_22553JLT4_L7_UniquelyMapped	1942398	0	59079	0	0	14785652	0	0	0	0	12784175	86.46338355589594	0	0	0	0
G16_CKDL240007483-1A_22553JLT4_L7_UniquelyMapped	2964348	0	59281	0	0	15467887	0	0	0	0	12444258	80.45221690590317	0	0	0	0
G17_CKDL240007483-1A_22553JLT4_L7_UniquelyMapped	3465871	0	89998	0	0	16361054	0	0	0	0	12805185	78.26625961872628	0	0	0	0
G18_CKDL240007483-1A_22553JLT4_L7_UniquelyMapped	3176860	0	95097	0	0	14712817	0	0	0	0	11440860	77.7611792493579	0	0	0	0
G19_CKDL240007483-1A_22553JLT4_L7_UniquelyMapped	3708093	0	110776	0	0	16777454	0	0	0	0	12958585	77.23808987942986	0	0	0	0
G1_CKDL240007483-1A_22553JLT4_L7_UniquelyMapped	2772637	0	63416	0	0	17251957	0	0	0	0	14415904	83.56097803860744	0	0	0	0
G20_CKDL240007483-1A_22553JLT4_L7_UniquelyMapped	2976994	0	78068	0	0	12439694	0	0	0	0	9384632	75.44101969067728	0	0	0	0
G21_CKDL240007483-1A_22553JLT4_L7_UniquelyMapped	3153183	0	111594	0	0	18108637	0	0	0	0	14843860	81.97116105425273	0	0	0	0
G23_CKDL240007483-1A_22553JLT4_L7_UniquelyMapped	3179769	0	97520	0	0	21955696	0	0	0	0	18678407	85.07317190035788	0	0	0	0
G24_CKDL240007483-1A_22553JLT4_L7_UniquelyMapped	2576657	0	91805	0	0	16192924	0	0	0	0	13524462	83.5208144001664	0	0	0	0
G2_CKDL240007483-1A_22553JLT4_L7_UniquelyMapped	1931917	0	43077	0	0	13087264	0	0	0	0	11112270	84.90903828332644	0	0	0	0
G3_CKDL240007483-1A_22553JLT4_L7_UniquelyMapped	2558526	0	58070	0	0	16463709	0	0	0	0	13847113	84.10688624294805	0	0	0	0
G4_CKDL240007483-1A_22553JLT4_L7_UniquelyMapped	1793448	0	42300	0	0	12259246	0	0	0	0	10423498	85.02560434793462	0	0	0	0
G5_CKDL240007483-1A_22553JLT4_L7_UniquelyMapped	1181864	0	53476	0	0	16362495	0	0	0	0	15127155	92.45017339959463	0	0	0	0
G6_CKDL240007483-1A_22553JLT4_L7_UniquelyMapped	1144726	0	48687	0	0	14471154	0	0	0	0	13277741	91.75315942322223	0	0	0	0
G7_CKDL240007483-1A_22553JLT4_L7_UniquelyMapped	1551849	0	46074	0	0	13269681	0	0	0	0	11671758	87.95809032636127	0	0	0	0
G8_CKDL240007483-1A_22553JLT4_L7_UniquelyMapped	1931910	0	53388	0	0	14453432	0	0	0	0	12468134	86.26417587186212	0	0	0	0
G9_CKDL240007483-1A_22553JLT4_L7_UniquelyMapped	4383194	0	86217	0	0	17768357	0	0	0	0	13298946	74.84623367258999	0	0	0	0
H10_CKDL240007483-1A_22553JLT4_L7_UniquelyMapped	2365907	0	54588	0	0	11963145	0	0	0	0	9542650	79.76706794074634	0	0	0	0
H11_CKDL240007483-1A_22553JLT4_L7_UniquelyMapped	3065080	0	67488	0	0	12534878	0	0	0	0	9402310	75.00918636782903	0	0	0	0
H13_CKDL240007483-1A_22553JLT4_L7_UniquelyMapped	2271021	0	61434	0	0	15706939	0	0	0	0	13374484	85.15016197618137	0	0	0	0
H14_CKDL240007483-1A_22553JLT4_L7_UniquelyMapped	3285454	0	69869	0	0	15312013	0	0	0	0	11956690	78.0869896074409	0	0	0	0
H15_CKDL240007483-1A_22553JLT4_L7_UniquelyMapped	1571248	0	54175	0	0	14146382	0	0	0	0	12520959	88.50997378693718	0	0	0	0
H17_CKDL240007483-1A_22553JLT4_L7_UniquelyMapped	3380999	0	113604	0	0	16340007	0	0	0	0	12845404	78.61320989642171	0	0	0	0
H18_CKDL240007483-1A_22553JLT4_L7_UniquelyMapped	3683793	0	107419	0	0	16434439	0	0	0	0	12643227	76.93129652919701	0	0	0	0
H19_CKDL240007483-1A_22553JLT4_L7_UniquelyMapped	5652588	0	49757	0	0	9190447	0	0	0	0	3488102	37.95356199758292	0	0	0	0
H1_CKDL240007483-1A_22553JLT4_L7_UniquelyMapped	3152488	0	72426	0	0	19171108	0	0	0	0	15946194	83.17825970204747	0	0	0	0
H21_CKDL240007483-1A_22553JLT4_L7_UniquelyMapped	3017061	0	102882	0	0	18101364	0	0	0	0	14981421	82.76404474270558	0	0	0	0
H23_CKDL240007483-1A_22553JLT4_L7_UniquelyMapped	4550767	0	160922	0	0	28160554	0	0	0	0	23448865	83.26847902211014	0	0	0	0
H2_CKDL240007483-1A_22553JLT4_L7_UniquelyMapped	2210861	0	52165	0	0	13941255	0	0	0	0	11678229	83.76741548734314	0	0	0	0
H3_CKDL240007483-1A_22553JLT4_L7_UniquelyMapped	2513976	0	57903	0	0	15793949	0	0	0	0	13222070	83.71604846894213	0	0	0	0
H5_CKDL240007483-1A_22553JLT4_L7_UniquelyMapped	2289614	0	52736	0	0	15882103	0	0	0	0	13539753	85.25163827485567	0	0	0	0
H6_CKDL240007483-1A_22553JLT4_L7_UniquelyMapped	2591665	0	62224	0	0	18280177	0	0	0	0	15626288	85.48214823084044	0	0	0	0
H7_CKDL240007483-1A_22553JLT4_L7_UniquelyMapped	2465100	0	54992	0	0	14887116	0	0	0	0	12367024	83.07199325913763	0	0	0	0
H9_CKDL240007483-1A_22553JLT4_L7_UniquelyMapped	3215413	0	83441	0	0	17925630	0	0	0	0	14626776	81.59699826449615	0	0	0	0
I10_CKDL240007483-1A_22553JLT4_L7_UniquelyMapped	3500503	0	74114	0	0	15680505	0	0	0	0	12105888	77.20343190477602	0	0	0	0
I11_CKDL240007483-1A_22553JLT4_L7_UniquelyMapped	3225591	0	73324	0	0	15525103	0	0	0	0	12226188	78.75109105556336	0	0	0	0
I13_CKDL240007483-1A_22553JLT4_L7_UniquelyMapped	2655186	0	55844	0	0	15346893	0	0	0	0	12635863	82.33499119333145	0	0	0	0
I14_CKDL240007483-1A_22553JLT4_L7_UniquelyMapped	3632764	0	77965	0	0	16259850	0	0	0	0	12549121	77.17857790816028	0	0	0	0
I15_CKDL240007483-1A_22553JLT4_L7_UniquelyMapped	2745532	0	66468	0	0	14013936	0	0	0	0	11201936	79.93425972546186	0	0	0	0
I17_CKDL240007483-1A_22553JLT4_L7_UniquelyMapped	2857221	0	97550	0	0	13117057	0	0	0	0	10162286	77.47382663656947	0	0	0	0
I18_CKDL240007483-1A_22553JLT4_L7_UniquelyMapped	3867873	0	77492	0	0	15673374	0	0	0	0	11728009	74.82759615128178	0	0	0	0
I19_CKDL240007483-1A_22553JLT4_L7_UniquelyMapped	4003681	0	115329	0	0	16895499	0	0	0	0	12776489	75.62066678231876	0	0	0	0
I1_CKDL240007483-1A_22553JLT4_L7_UniquelyMapped	2495226	0	54943	0	0	15204760	0	0	0	0	12654591	83.2278247075258	0	0	0	0
I21_CKDL240007483-1A_22553JLT4_L7_UniquelyMapped	3537644	0	86366	0	0	18656298	0	0	0	0	15032288	80.57487074874126	0	0	0	0
I22_CKDL240007483-1A_22553JLT4_L7_UniquelyMapped	3037548	0	94411	0	0	22552828	0	0	0	0	19420869	86.1127881612009	0	0	0	0
I23_CKDL240007483-1A_22553JLT4_L7_UniquelyMapped	4139248	0	145270	0	0	26358725	0	0	0	0	22074207	83.74535187115461	0	0	0	0
I2_CKDL240007483-1A_22553JLT4_L7_UniquelyMapped	1864484	0	41603	0	0	11787632	0	0	0	0	9881545	83.8297717472008	0	0	0	0
I3_CKDL240007483-1A_22553JLT4_L7_UniquelyMapped	2578724	0	52864	0	0	15789571	0	0	0	0	13157983	83.33337872194248	0	0	0	0
I5_CKDL240007483-1A_22553JLT4_L7_UniquelyMapped	990675	0	50746	0	0	16071243	0	0	0	0	15029822	93.51997228839113	0	0	0	0
I6_CKDL240007483-1A_22553JLT4_L7_UniquelyMapped	2808397	0	90160	0	0	21836841	0	0	0	0	18938284	86.72629891841956	0	0	0	0
I7_CKDL240007483-1A_22553JLT4_L7_UniquelyMapped	1485170	0	52085	0	0	13416238	0	0	0	0	11878983	88.54183266575922	0	0	0	0
I9_CKDL240007483-1A_22553JLT4_L7_UniquelyMapped	3375031	0	80815	0	0	16114018	0	0	0	0	12658172	78.5537908670575	0	0	0	0
J10_CKDL240007483-1A_22553JLT4_L7_UniquelyMapped	3031562	0	67579	0	0	14968312	0	0	0	0	11869171	79.29532067476947	0	0	0	0
J11_CKDL240007483-1A_22553JLT4_L7_UniquelyMapped	2549301	0	59064	0	0	13509317	0	0	0	0	10900952	80.69210308707687	0	0	0	0
J13_CKDL240007483-1A_22553JLT4_L7_UniquelyMapped	2603593	0	67567	0	0	16267784	0	0	0	0	13596624	83.58006228752484	0	0	0	0
J14_CKDL240007483-1A_22553JLT4_L7_UniquelyMapped	2278129	0	67909	0	0	15193539	0	0	0	0	12847501	84.55897602263698	0	0	0	0
J15_CKDL240007483-1A_22553JLT4_L7_UniquelyMapped	2291385	0	51654	0	0	11304404	0	0	0	0	8961365	79.27321953461679	0	0	0	0
J17_CKDL240007483-1A_22553JLT4_L7_UniquelyMapped	3180283	0	86175	0	0	14213337	0	0	0	0	10946879	77.01835958719616	0	0	0	0
J18_CKDL240007483-1A_22553JLT4_L7_UniquelyMapped	2789813	0	76265	0	0	12138399	0	0	0	0	9272321	76.38833589174322	0	0	0	0
J19_CKDL240007483-1A_22553JLT4_L7_UniquelyMapped	2692804	0	75381	0	0	14387538	0	0	0	0	11619353	80.75984230241477	0	0	0	0
J1_CKDL240007483-1A_22553JLT4_L7_UniquelyMapped	2166215	0	49837	0	0	15762075	0	0	0	0	13546023	85.94060743905862	0	0	0	0
J21_CKDL240007483-1A_22553JLT4_L7_UniquelyMapped	3195889	0	107361	0	0	18408749	0	0	0	0	15105499	82.05608648366058	0	0	0	0
J22_CKDL240007483-1A_22553JLT4_L7_UniquelyMapped	4238046	0	153721	0	0	27870758	0	0	0	0	23478991	84.24238407868204	0	0	0	0
J23_CKDL240007483-1A_22553JLT4_L7_UniquelyMapped	3841005	0	117567	0	0	27013964	0	0	0	0	23055392	85.34620094999757	0	0	0	0
J2_CKDL240007483-1A_22553JLT4_L7_UniquelyMapped	2047467	0	46470	0	0	13558817	0	0	0	0	11464880	84.55663941773092	0	0	0	0
J3_CKDL240007483-1A_22553JLT4_L7_UniquelyMapped	3280805	0	62670	0	0	18951863	0	0	0	0	15608388	82.35806685601304	0	0	0	0
J5_CKDL240007483-1A_22553JLT4_L7_UniquelyMapped	2560143	0	60323	0	0	16948155	0	0	0	0	14327689	84.53834060403625	0	0	0	0
J6_CKDL240007483-1A_22553JLT4_L7_UniquelyMapped	393	0	5	0	0	1758	0	0	0	0	1360	77.36063708759954	0	0	0	0
J7_CKDL240007483-1A_22553JLT4_L7_UniquelyMapped	2373789	0	55437	0	0	13465014	0	0	0	0	11035788	81.95897902519819	0	0	0	0
J9_CKDL240007483-1A_22553JLT4_L7_UniquelyMapped	2738482	0	70688	0	0	16041528	0	0	0	0	13232358	82.48813953383993	0	0	0	0
K10_CKDL240007483-1A_22553JLT4_L7_UniquelyMapped	3232584	0	69899	0	0	15111373	0	0	0	0	11808890	78.14571184233226	0	0	0	0
K11_CKDL240007483-1A_22553JLT4_L7_UniquelyMapped	3615331	0	76833	0	0	16854862	0	0	0	0	13162698	78.09436826003085	0	0	0	0
K13_CKDL240007483-1A_22553JLT4_L7_UniquelyMapped	2262859	0	66742	0	0	13250755	0	0	0	0	10921154	82.41910743953835	0	0	0	0
K14_CKDL240007483-1A_22553JLT4_L7_UniquelyMapped	2558396	0	64669	0	0	12538655	0	0	0	0	9915590	79.08017247463943	0	0	0	0
K15_CKDL240007483-1A_22553JLT4_L7_UniquelyMapped	1949742	0	54633	0	0	14391409	0	0	0	0	12387034	86.07242001113303	0	0	0	0
K17_CKDL240007483-1A_22553JLT4_L7_UniquelyMapped	3113315	0	80055	0	0	13596976	0	0	0	0	10403606	76.51411607992836	0	0	0	0
K18_CKDL240007483-1A_22553JLT4_L7_UniquelyMapped	3535672	0	107463	0	0	16950297	0	0	0	0	13307162	78.50695477489273	0	0	0	0
K19_CKDL240007483-1A_22553JLT4_L7_UniquelyMapped	4018308	0	109489	0	0	16008665	0	0	0	0	11880868	74.21523281297972	0	0	0	0
K1_CKDL240007483-1A_22553JLT4_L7_UniquelyMapped	3207780	0	73756	0	0	21556266	0	0	0	0	18274730	84.77688111660898	0	0	0	0
K21_CKDL240007483-1A_22553JLT4_L7_UniquelyMapped	3614279	0	132554	0	0	23350755	0	0	0	0	19603922	83.95412482380121	0	0	0	0
K22_CKDL240007483-1A_22553JLT4_L7_UniquelyMapped	4052887	0	134643	0	0	23437400	0	0	0	0	19249870	82.13312910135083	0	0	0	0
K23_CKDL240007483-1A_22553JLT4_L7_UniquelyMapped	3635353	0	128098	0	0	22612927	0	0	0	0	18849476	83.35708154897418	0	0	0	0
K2_CKDL240007483-1A_22553JLT4_L7_UniquelyMapped	2388900	0	53214	0	0	14784738	0	0	0	0	12342624	83.4821963027008	0	0	0	0
K3_CKDL240007483-1A_22553JLT4_L7_UniquelyMapped	2802341	0	64885	0	0	17175713	0	0	0	0	14308487	83.30650960457945	0	0	0	0
K5_CKDL240007483-1A_22553JLT4_L7_UniquelyMapped	1763014	0	48630	0	0	13954821	0	0	0	0	12143177	87.01779119918486	0	0	0	0
K6_CKDL240007483-1A_22553JLT4_L7_UniquelyMapped	2177093	0	74709	0	0	19426567	0	0	0	0	17174765	88.40864677737451	0	0	0	0
K7_CKDL240007483-1A_22553JLT4_L7_UniquelyMapped	1227945	0	47245	0	0	14766386	0	0	0	0	13491196	91.3642376679033	0	0	0	0
K9_CKDL240007483-1A_22553JLT4_L7_UniquelyMapped	3696114	0	87407	0	0	17100260	0	0	0	0	13316739	77.87448261020593	0	0	0	0
L10_CKDL240007483-1A_22553JLT4_L7_UniquelyMapped	3261360	0	72915	0	0	15931785	0	0	0	0	12597510	79.07155412905709	0	0	0	0
L11_CKDL240007483-1A_22553JLT4_L7_UniquelyMapped	3293436	0	78469	0	0	15014348	0	0	0	0	11642443	77.54211504888524	0	0	0	0
L13_CKDL240007483-1A_22553JLT4_L7_UniquelyMapped	3008116	0	69239	0	0	14362538	0	0	0	0	11285183	78.57373815129331	0	0	0	0
L14_CKDL240007483-1A_22553JLT4_L7_UniquelyMapped	2232368	0	54399	0	0	14885678	0	0	0	0	12598911	84.63780420347665	0	0	0	0
L15_CKDL240007483-1A_22553JLT4_L7_UniquelyMapped	2325943	0	50498	0	0	14003844	0	0	0	0	11627403	83.03008088350599	0	0	0	0
L17_CKDL240007483-1A_22553JLT4_L7_UniquelyMapped	3674848	0	114453	0	0	16790839	0	0	0	0	13001538	77.43233080848432	0	0	0	0
L18_CKDL240007483-1A_22553JLT4_L7_UniquelyMapped	5259769	0	127918	0	0	19265367	0	0	0	0	13877680	72.03434017114752	0	0	0	0
L19_CKDL240007483-1A_22553JLT4_L7_UniquelyMapped	3292995	0	93126	0	0	15688623	0	0	0	0	12302502	78.41670999424232	0	0	0	0
L1_CKDL240007483-1A_22553JLT4_L7_UniquelyMapped	2501716	0	53200	0	0	16551371	0	0	0	0	13996455	84.56371982719739	0	0	0	0
L21_CKDL240007483-1A_22553JLT4_L7_UniquelyMapped	60185	0	2009	0	0	364357	0	0	0	0	302163	82.93047752616253	0	0	0	0
L22_CKDL240007483-1A_22553JLT4_L7_UniquelyMapped	3027783	0	117041	0	0	21744362	0	0	0	0	18599538	85.53729008006765	0	0	0	0
L23_CKDL240007483-1A_22553JLT4_L7_UniquelyMapped	2806527	0	99741	0	0	17363892	0	0	0	0	14457624	83.26257730697702	0	0	0	0
L2_CKDL240007483-1A_22553JLT4_L7_UniquelyMapped	2145073	0	51447	0	0	15648053	0	0	0	0	13451533	85.96298210390775	0	0	0	0
L3_CKDL240007483-1A_22553JLT4_L7_UniquelyMapped	2649186	0	57357	0	0	16203109	0	0	0	0	13496566	83.29615014007497	0	0	0	0
L5_CKDL240007483-1A_22553JLT4_L7_UniquelyMapped	1184365	0	52561	0	0	14473068	0	0	0	0	13236142	91.45360195916996	0	0	0	0
L6_CKDL240007483-1A_22553JLT4_L7_UniquelyMapped	3204800	0	60906	0	0	14689685	0	0	0	0	11423979	77.76871321611048	0	0	0	0
L7_CKDL240007483-1A_22553JLT4_L7_UniquelyMapped	2212074	0	54582	0	0	15702605	0	0	0	0	13435949	85.56509572774709	0	0	0	0
L9_CKDL240007483-1A_22553JLT4_L7_UniquelyMapped	3825303	0	85677	0	0	17170641	0	0	0	0	13259661	77.22286547135894	0	0	0	0
M10_CKDL240007483-1A_22553JLT4_L7_UniquelyMapped	3439939	0	84539	0	0	16474984	0	0	0	0	12950506	78.6070930326852	0	0	0	0
M11_CKDL240007483-1A_22553JLT4_L7_UniquelyMapped	3320455	0	82503	0	0	16138741	0	0	0	0	12735783	78.91435273668498	0	0	0	0
M13_CKDL240007483-1A_22553JLT4_L7_UniquelyMapped	2021814	0	53004	0	0	13868167	0	0	0	0	11793349	85.03898893054864	0	0	0	0
M14_CKDL240007483-1A_22553JLT4_L7_UniquelyMapped	3312547	0	68822	0	0	16702307	0	0	0	0	13320938	79.75507814579149	0	0	0	0
M15_CKDL240007483-1A_22553JLT4_L7_UniquelyMapped	4083933	0	80867	0	0	16761536	0	0	0	0	12596736	75.15263517615568	0	0	0	0
M17_CKDL240007483-1A_22553JLT4_L7_UniquelyMapped	2628629	0	75816	0	0	13398716	0	0	0	0	10694271	79.815640543467	0	0	0	0
M18_CKDL240007483-1A_22553JLT4_L7_UniquelyMapped	5104607	0	108377	0	0	16131130	0	0	0	0	10918146	67.68370225768436	0	0	0	0
M19_CKDL240007483-1A_22553JLT4_L7_UniquelyMapped	4416663	0	93946	0	0	17720633	0	0	0	0	13210024	74.54600521324492	0	0	0	0
M1_CKDL240007483-1A_22553JLT4_L7_UniquelyMapped	3393744	0	91165	0	0	20449430	0	0	0	0	16964521	82.95840519760208	0	0	0	0
M21_CKDL240007483-1A_22553JLT4_L7_UniquelyMapped	2296626	0	79003	0	0	18566143	0	0	0	0	16190514	87.20450984353616	0	0	0	0
M22_CKDL240007483-1A_22553JLT4_L7_UniquelyMapped	3397041	0	106248	0	0	23906987	0	0	0	0	20403698	85.34617097503755	0	0	0	0
M23_CKDL240007483-1A_22553JLT4_L7_UniquelyMapped	4014757	0	151462	0	0	25931565	0	0	0	0	21765346	83.93379265771271	0	0	0	0
M2_CKDL240007483-1A_22553JLT4_L7_UniquelyMapped	2459739	0	58336	0	0	16573677	0	0	0	0	14055602	84.80678125922208	0	0	0	0
M3_CKDL240007483-1A_22553JLT4_L7_UniquelyMapped	2396803	0	53038	0	0	14690434	0	0	0	0	12240593	83.32356280284164	0	0	0	0
M5_CKDL240007483-1A_22553JLT4_L7_UniquelyMapped	1232720	0	55413	0	0	14469714	0	0	0	0	13181581	91.09773005879728	0	0	0	0
M6_CKDL240007483-1A_22553JLT4_L7_UniquelyMapped	1854226	0	60774	0	0	14732449	0	0	0	0	12817449	87.0014822382891	0	0	0	0
M7_CKDL240007483-1A_22553JLT4_L7_UniquelyMapped	1701294	0	65798	0	0	15597966	0	0	0	0	13830874	88.6710100534903	0	0	0	0
M9_CKDL240007483-1A_22553JLT4_L7_UniquelyMapped	2714945	0	69090	0	0	14758342	0	0	0	0	11974307	81.1358552336028	0	0	0	0
N10_CKDL240007483-1A_22553JLT4_L7_UniquelyMapped	3316133	0	79296	0	0	15106726	0	0	0	0	11711297	77.5237268485574	0	0	0	0
N11_CKDL240007483-1A_22553JLT4_L7_UniquelyMapped	3155148	0	83553	0	0	17293387	0	0	0	0	14054686	81.27202612189272	0	0	0	0
N13_CKDL240007483-1A_22553JLT4_L7_UniquelyMapped	3706464	0	67696	0	0	15284255	0	0	0	0	11510095	75.30687625926157	0	0	0	0
N14_CKDL240007483-1A_22553JLT4_L7_UniquelyMapped	2688321	0	77207	0	0	14036376	0	0	0	0	11270848	80.29742149968054	0	0	0	0
N15_CKDL240007483-1A_22553JLT4_L7_UniquelyMapped	2338368	0	53698	0	0	13051921	0	0	0	0	10659855	81.6726901733469	0	0	0	0
N17_CKDL240007483-1A_22553JLT4_L7_UniquelyMapped	2799204	0	82048	0	0	14870741	0	0	0	0	11989489	80.62469113005196	0	0	0	0
N18_CKDL240007483-1A_22553JLT4_L7_UniquelyMapped	4564065	0	88551	0	0	15149877	0	0	0	0	10497261	69.2894140328664	0	0	0	0
N19_CKDL240007483-1A_22553JLT4_L7_UniquelyMapped	5171626	0	114434	0	0	13275842	0	0	0	0	7989782	60.18286448422631	0	0	0	0
N1_CKDL240007483-1A_22553JLT4_L7_UniquelyMapped	2469846	0	58752	0	0	18560838	0	0	0	0	16032240	86.37670346565172	0	0	0	0
N21_CKDL240007483-1A_22553JLT4_L7_UniquelyMapped	3504170	0	132007	0	0	23446165	0	0	0	0	19809988	84.49137844078125	0	0	0	0
N22_CKDL240007483-1A_22553JLT4_L7_UniquelyMapped	4480241	0	136290	0	0	30207597	0	0	0	0	25591066	84.71731796474906	0	0	0	0
N23_CKDL240007483-1A_22553JLT4_L7_UniquelyMapped	4815137	0	167165	0	0	28423136	0	0	0	0	23440834	82.47096309147591	0	0	0	0
N2_CKDL240007483-1A_22553JLT4_L7_UniquelyMapped	2646404	0	59990	0	0	17112820	0	0	0	0	14406426	84.1849911353009	0	0	0	0
N3_CKDL240007483-1A_22553JLT4_L7_UniquelyMapped	2109538	0	48149	0	0	14008029	0	0	0	0	11850342	84.59678374452253	0	0	0	0
N5_CKDL240007483-1A_22553JLT4_L7_UniquelyMapped	1537246	0	62397	0	0	14989290	0	0	0	0	13389647	89.32809359215813	0	0	0	0
N6_CKDL240007483-1A_22553JLT4_L7_UniquelyMapped	2237112	0	80251	0	0	14178730	0	0	0	0	11861367	83.65606087428141	0	0	0	0
N7_CKDL240007483-1A_22553JLT4_L7_UniquelyMapped	2159912	0	54460	0	0	14908086	0	0	0	0	12693714	85.14650371617121	0	0	0	0
N9_CKDL240007483-1A_22553JLT4_L7_UniquelyMapped	2520027	0	60147	0	0	12603872	0	0	0	0	10023698	79.5287194284423	0	0	0	0
O10_CKDL240007483-1A_22553JLT4_L7_UniquelyMapped	3200694	0	70896	0	0	15492876	0	0	0	0	12221286	78.88326221677627	0	0	0	0
O11_CKDL240007483-1A_22553JLT4_L7_UniquelyMapped	3349934	0	74950	0	0	14883416	0	0	0	0	11458532	76.9885891787208	0	0	0	0
O13_CKDL240007483-1A_22553JLT4_L7_UniquelyMapped	1778357	0	85416	0	0	15041906	0	0	0	0	13178133	87.60946252423064	0	0	0	0
O14_CKDL240007483-1A_22553JLT4_L7_UniquelyMapped	2873136	0	66997	0	0	14472082	0	0	0	0	11531949	79.68410488553064	0	0	0	0
O15_CKDL240007483-1A_22553JLT4_L7_UniquelyMapped	3343983	0	88403	0	0	16912781	0	0	0	0	13480395	79.7053719314405	0	0	0	0
O17_CKDL240007483-1A_22553JLT4_L7_UniquelyMapped	3041283	0	84094	0	0	17073636	0	0	0	0	13948259	81.69471927362162	0	0	0	0
O18_CKDL240007483-1A_22553JLT4_L7_UniquelyMapped	4154067	0	132328	0	0	15266695	0	0	0	0	10980300	71.9232289634397	0	0	0	0
O19_CKDL240007483-1A_22553JLT4_L7_UniquelyMapped	4317933	0	135763	0	0	19881469	0	0	0	0	15427773	77.59875791874333	0	0	0	0
O1_CKDL240007483-1A_22553JLT4_L7_UniquelyMapped	2359498	0	55846	0	0	15532175	0	0	0	0	13116831	84.44941548752831	0	0	0	0
O21_CKDL240007483-1A_22553JLT4_L7_UniquelyMapped	2955330	0	118786	0	0	20700879	0	0	0	0	17626763	85.14982866186503	0	0	0	0
O22_CKDL240007483-1A_22553JLT4_L7_UniquelyMapped	5566937	0	170741	0	0	41263950	0	0	0	0	35526272	86.0951799330893	0	0	0	0
O23_CKDL240007483-1A_22553JLT4_L7_UniquelyMapped	2682566	0	98269	0	0	17041379	0	0	0	0	14260544	83.68186635600323	0	0	0	0
O2_CKDL240007483-1A_22553JLT4_L7_UniquelyMapped	3107157	0	73832	0	0	21750148	0	0	0	0	18569159	85.3748627365662	0	0	0	0
O3_CKDL240007483-1A_22553JLT4_L7_UniquelyMapped	3037875	0	63277	0	0	17897615	0	0	0	0	14796463	82.67281981426017	0	0	0	0
O5_CKDL240007483-1A_22553JLT4_L7_UniquelyMapped	2187658	0	55311	0	0	14857635	0	0	0	0	12614666	84.90359333770145	0	0	0	0
O6_CKDL240007483-1A_22553JLT4_L7_UniquelyMapped	2251578	0	75620	0	0	15129113	0	0	0	0	12801915	84.61774989716847	0	0	0	0
O7_CKDL240007483-1A_22553JLT4_L7_UniquelyMapped	1612735	0	54713	0	0	15038350	0	0	0	0	13370902	88.91202824777984	0	0	0	0
O9_CKDL240007483-1A_22553JLT4_L7_UniquelyMapped	3487046	0	86138	0	0	17093635	0	0	0	0	13520451	79.09640635242299	0	0	0	0
P10_CKDL240007483-1A_22553JLT4_L7_UniquelyMapped	3761367	0	81056	0	0	18562626	0	0	0	0	14720203	79.30021862208504	0	0	0	0
P11_CKDL240007483-1A_22553JLT4_L7_UniquelyMapped	3747131	0	81939	0	0	16857788	0	0	0	0	13028718	77.28604725602196	0	0	0	0
P13_CKDL240007483-1A_22553JLT4_L7_UniquelyMapped	2373010	0	66727	0	0	14655837	0	0	0	0	12216100	83.35313772935658	0	0	0	0
P14_CKDL240007483-1A_22553JLT4_L7_UniquelyMapped	2667219	0	94074	0	0	14665447	0	0	0	0	11904154	81.17143650650402	0	0	0	0
P15_CKDL240007483-1A_22553JLT4_L7_UniquelyMapped	2239490	0	53525	0	0	14134527	0	0	0	0	11841512	83.77720740142206	0	0	0	0
P17_CKDL240007483-1A_22553JLT4_L7_UniquelyMapped	4665489	0	96349	0	0	15165247	0	0	0	0	10403409	68.60032678663262	0	0	0	0
P18_CKDL240007483-1A_22553JLT4_L7_UniquelyMapped	4533153	0	107488	0	0	17344781	0	0	0	0	12704140	73.24474145854018	0	0	0	0
P19_CKDL240007483-1A_22553JLT4_L7_UniquelyMapped	3897101	0	117064	0	0	17961682	0	0	0	0	13947517	77.65150836096531	0	0	0	0
P1_CKDL240007483-1A_22553JLT4_L7_UniquelyMapped	4721460	0	118645	0	0	32074668	0	0	0	0	27234563	84.90988277727458	0	0	0	0
P21_CKDL240007483-1A_22553JLT4_L7_UniquelyMapped	3148044	0	108086	0	0	19473881	0	0	0	0	16217751	83.27950139984937	0	0	0	0
P22_CKDL240007483-1A_22553JLT4_L7_UniquelyMapped	2297317	0	73737	0	0	17229813	0	0	0	0	14858759	86.23865505679022	0	0	0	0
P23_CKDL240007483-1A_22553JLT4_L7_UniquelyMapped	4514654	0	167955	0	0	29421285	0	0	0	0	24738676	84.08428115903163	0	0	0	0
P2_CKDL240007483-1A_22553JLT4_L7_UniquelyMapped	3262462	0	64679	0	0	18856067	0	0	0	0	15528926	82.35506375746331	0	0	0	0
P3_CKDL240007483-1A_22553JLT4_L7_UniquelyMapped	2748741	0	66642	0	0	18684396	0	0	0	0	15869013	84.93190253514216	0	0	0	0
P5_CKDL240007483-1A_22553JLT4_L7_UniquelyMapped	1921521	0	64221	0	0	18286777	0	0	0	0	16301035	89.14110452596431	0	0	0	0
P6_CKDL240007483-1A_22553JLT4_L7_UniquelyMapped	2336827	0	59837	0	0	18124839	0	0	0	0	15728175	86.77690874936876	0	0	0	0
P7_CKDL240007483-1A_22553JLT4_L7_UniquelyMapped	1807080	0	52794	0	0	13737289	0	0	0	0	11877415	86.46112781058912	0	0	0	0
P9_CKDL240007483-1A_22553JLT4_L7_UniquelyMapped	3471282	0	88830	0	0	17547927	0	0	0	0	13987815	79.71206513453127	0	0	0	0
